Input:
xyyzxzyxyy
--------
x y z
--------
A B C D
--------
	A	B	C	D
A	0.401	0.009	0.195	0.396	
B	0.375	0.237	0.269	0.119	
C	0.283	0.25	0.259	0.207	
D	0.108	0.529	0.107	0.256	
--------
	x	y	z
A	0.414	0.335	0.251	
B	0.233	0.172	0.596	
C	0.284	0.355	0.361	
D	0.028	0.638	0.334

Output:
A	B	C	D	
0.5003	0.2114	0.2662	0.0222	
0.3648	0.053	0.1909	0.3913	
0.1511	0.1251	0.1553	0.5685	
0.1297	0.5359	0.1542	0.1802	
0.4414	0.2628	0.2673	0.0285	
0.3031	0.2213	0.2339	0.2417	
0.2789	0.1536	0.2139	0.3537	
0.5088	0.269	0.1975	0.0247	
0.3695	0.0578	0.1978	0.3748	
0.2231	0.1356	0.1658	0.4755