sequenceKAVVMPGAAVVNLLAWHRREIPAGAGTTVAQFASLSFDVAAQEILSTLLYGATLAVPTDAVRRDADAFAAWLEEYRVNELYAPNLVVEALAEAAAEQGRTLPDLRHIAQAGEALTAGPRVRDFCAALPGRRLHNHYGPAETHVMTGIKGVPVPHRSVASVLVPLIEEFGLGPGSRVLQFASISFDAALWEITLALLSGATLVVAPAEQLQPGPALAELVARTGTTFLTLPPTALAVLADDALPAGVDLVVAGEATSPDQVGRWSTGRRMTNAYGPTEAAVCTTIKGVIGTHRALSAYADDHIERVLRPAAQRLGRPLRIAHAWSFTFDAAWQPLVALLDGHAVHIVDDHRQRDAGALVEAIDRFGLDMIDTTPSMFAQLHNAGLLDRAPLAVLALGGEALGAATWRMIQQNCARTAMTAFNCYGPTETTVEAVVKAVVMPGAALVNLLAWHRREIPGEAGAPVAQFTTIGFDVAAQEILATWLHGKTLAVPSQEVRRSAEQLAAWLDEQHVSELYAPNLVIEALAEAAAEAGRTLPALRHIAQAGEALTLTRTVREFAAAVPGRQLHNHYGPAETHVMTGTKGVVVAHRSLAATVPAQAAAFGLGTHSRVLNFASISFDAAVWELTSALFTGAGLVLADADDLLPGPSLARLVHDRHITLIALPPSALPALPDGALPPGTDLIVAGDATAPDQAARFAPGRRMVNAYGLTETTVCATMKAVVMPHAGLANLLTWHARRFPGGTGVRTAQFTAIGFDFSVQEILSPLVMGKTLAVPSEEVRHSAELLAGWLETQQINELFAPNLVIEALAEAAAEAGRTLPDLTDILQGGEALAPTERVRAFTAAVPGRRLHNVYGPAETHAVTTHKGIGITHRDAIALAADRCWDLDTGSRVLMHSPYAFDISTFELFAPLLAGGRIVVAPRGDIDAAVLQRTLAAHGVTSLLLTAGLLGVIADEAPEVFTGVKDVWTGGDVVSPTAVRRVLEACPGTVVKTLYGPTETTLGCTWKGVMLEHRNMANLMHFTFDQTNIAFHEKVLQYTTCSFDVCYQEIFSTLLSGGQLYLITNELRRHVEKLFAFIQEKQISILSLPVSFLKFIFNEQDYAQSFPRCVKHIITAGEQLVVTHELQKYLRQHRVFLHNHYGPSETHVVTTCKGVMVEHRGIVNSVTWNRDEFALSVRDSGTLSLSFAFDAFALTFFTLIVSGSTVVLMPDHEAKDPIALRNLIAAWECSYVVFVPSMFQAILECSTPADIRSIQAVMLGGEKLSPKLVQLCKAMHPQMSVMNAYGPTESSVMATYKGVMLEHKGVANLQAVFAHHLGVTPQDRAGHFASISFDASVWDMFGPLLSGATLYVLSRDVINDFQRFAEYVRDNAITFLTLPPTYAIYLEPEQVPSLRTLITAGSASSVALVDKWKEKVTYVNGYGPTESTVCATLKGAMITHQGLVNYIWWANKVYVQGEAVDFPLYSSISFDLTVTSIFTPLLSGNTIHVYRGADKVQVILDIIKDNKVGIIKLTPTHLKLIEHIDGKASSIRRFIVGGENLPTKLAKQIYDHFGENVQIFNEYGPTETVVGCMIKGVMISHQAICNHMLWMRETFPLTTEDAVLQKTPFSFDASVWEFYLPLITGGQLVLAKPDGHRDIAYMTRLIRDEKITTLQMVPSLLDLVMTDPGWSACTSLQRVFCGGEALTPALVSRFYETQQAQLINLYGPTETTIDATYKGVMVEHRGIVNNVLWKKAEYQMKVGDRSLLSLSFAFDAFVLSFFTPVLSGATVVLAEDEEAKDPVSLKKLIAASRCTLMTGVPSLFQAILECSTPADIRPLQTVTLGGEKITAQLVEKCKQLNPDLVIVNEYGPTESSVVATWKGVMVEHRNVTRLVMHTNYVQVRESDRMIQTGAIGFDAMTFEIFGALLHGASLYLVSKDVLLDAEKLGDFLRTNQITTMWLTSPLFNQLSQDNPAMFDSLRALIVGGEALSPKHINRVKSALPDLEIWNGYGPTENTTFSTCKGVVIEHRSYANVAFAWKDEYHLDSFPVRLLQMASFAFDVSTGDFARALLTGGQLVICPNGVKMDPASLYETIRRHEITIFEATPALIMPLMHYVYENELDMSQMKLLILGADSCPAEDFKTLLARFGQKMRIINSYGVTEACIDTSYKGVMIPHQGIVNCLQWRRDEYGFGPSDKALQVFSFAFDGFVASLFAPLLGGATCVLPQEAAAKDPVALKKLMAATEVTHYYGVPSLFQAILDCSTTTDFNQLRCVTLGGEKLPVQLVQKTKEKHPAIEINNEYGPTENSVVTTIKGVQFEHRNMANLLQFEFTRSGIDFENDVLQFATPAFDVCYQEIFSTLLGGGTLHIVPEAIKRDVPQLFAFIKEHQTTISVSPTAFIKMIFSEQEFANAFPHDVKHLITAGEQLIVSSLLQDVLRQRSMYLHNHYGPSETHVVSAYKGVQVEHQSAVNFLNSLQFRYPLNQSDVILHKTSYSFDASIWELFWWPYGGASVYLLPQGGEKEPDMILKVIEEQQITAMHFVPSMLHAFLEYLKNGPVPIKTNRLKRVFSGGEQLGAHLVSRFCELLPDVTLTNSYGPTEATVEAAFKGVMVEHKGIANTLQWRRNAYTLNETDTVLQLFSFSFDGFLTSMFTPLLSGAKTVLPDENEAKDILSIKHDLSHHRITHMIIVPVLYRALLDVIQPEDAKTLRVVTLAGEAADRELIDRSMAICPNTELANEYGPTENSVATTAKGVAVEHRQAVSFLTGMQMQFPLEEDDIIMMKTSFSFDASVWQLFWWTLSGASAYLLPSGWEKDPALMVKAIREEGVTTAHFIPAMLNSFLDQAEIEAPRSLKRVFAGGEPLAPHTAARFASLLPETSLVHGYGPTEATVDAAFKGVMIEQRSVIRLVKNSNYIEFTPEDRLLLTSSLGFDVVTFEILGPLLNGAALHLTDKETFLDSHQLKRYIEQNGITTMWLTASLFNHLTEQNEKIFSRLINLIIGGEALSASHVNRIKQACPELSIWNGYGPTENTTFSTCKGVVVPHRAPAAVVPLLRDLYGIGPEETVLHFHGAGGDTSLEEILPALTGGATLVIDDAAPEGFARVAEEQQVSVAILPTGFWSSLTGDLLHQGARLPESLRTVVIGGEAVRADMLERWRRLPGTDGVRLLNTYGSTETALVTHAKGVAITHGTIAELAEDPGWVMEPGEAVLMHSPHTFDASLFEVWTPLSLGARVVIAEPGSVDVRRLREAAAAGVTRVYLTAGSFRAVAEESPESFAAFREVLTGGDVVPAHAVERVREACPGARVRNMYGPTEATMCATWKGVVVTHAGLGNLALAHIDRFAVAPSSRVLQFAALGFDTIVSEVMMALLSGATLVVPPEQDLPPKATLTETLERWDVTHVKAPPSVLGTVDALPDRVETVVAAGELCPPGLVDRLSADQRMINAYGPTETTICATVKAVVITHRNLTNYLFHCGRMYPGLRGRSVMHSSIAFDLTITAMFTPLTVGGTVHVGALEAVIGAVDSAPSIFLKATPSHLRTLDTGSRESAVSGDLLLGGEQLPVDTIVQWRRTYPNTVVVNEYGPTEATVGCVEKGVAVSHGNVAALVGEPGWGVGPDDAVLMHASHAFDISLFEMWVPLLSGARLVLAGSGAVDGEALAGYVAGGVTAAHLTAGAFRVLADESPESVVGLREVLTGGDAVPLAAVERVRRTCPDVRVRHLYGPTEATLCATWKGVAVPHGSVAALASDPGWSQGPDDCVLLHASHAFDASLVEIWVPLVNGSRVMVAEPGAVDAERLREAISRGVTTVHLTAGAFRAVAEESPDSFTGLREILTGGDAVPLASVVRMRRACPDVRVRQLYGPTEITLCATWKGVLVTHSGLVNLGYAHIERMAVTSSSRVLQLSAIGFDAIVSELYMALLAGATLVLPDSANMPPRVTLGDAIRKAGITHLTVSPSVLASEDDLPDTLQTVLTGGEALPAALVDRWSPGRRVIQAYGPTETTICSTMKGVAIPHGAVAGLAGDSGWQIGPDDGVLMHATHVFDPSLYAMWVPLVAGGRVLLTEPGVLDAAGVRQAVERGATAVHLTAGSFRALAETSPECFAGLVEIGTGGDVVPAQSVANLRRAQPGLRVRNTYGPTETTLCATWKGVMIEHRQVHHLVRGLQQAVGAYDQDDLKLALLAPFHFDASVQQIFTSLLLGQTLYIVPKKTVSDGRALSDYYRRHQIDVTDGTPAHLQLLSAADDLSGVKLRHMLVGGEALSRVATERLLQLFAEtaESVPDVTNVYGPTETCVDASSKGNMVSHRNILRTVKNTNYLDVMTSDIVLSISNYVFDAFMFDVFGSLLNGAKLVIAPKDTILDMSRLAHVLEKEKVTVLMITTALFNLLTDMRPDSLKGLRRVLFGGERASVDHVRRALNTVGKGRLLHMYGPSESTVFTTYKGVMVEHRSLVNLCYWHNDAFKVTEQDKSAKYAGFGFDASVWEMFPYWIAGAELHIIDEAIRMDITRLNQYFEENKITITFLPTQLCEQFMELDNQSLRVLLTGGDKLKRIAKRSYTLVNNYGPTENTVVATSKGVMVEHRNIVRLVKNAGCIPLKSGVKMAQTGAVSFDASTFEVFGALLNGGTLYPVPKETLLDGKRFNMFLKETGITTMWLTSPLFNQLAQQDPGMFATLNDLIIGGDALVPGIVNRVKRESPELSLWNGYGPTENTTFSTCKGVQLEHRNLANYVSWFINEAHLSSSDKTMLLSSYAFDLGYTSFFPVLLAGGELHIVPKETYTEPEAFTHYIGEQGITYMKLTPSLFHTVVQPQSFALAKGLQSLRLIVLGGEKINPKDVERFHSRYPDTRFINHYGPTETTIGAIAKGVMVEHRSLVNLCYWHNDAFKVTEHDKSAKYAGFGFDASVWEMFPYWIAGAELHIIDEAIRMDITRLNQYFEENKITITFLPTQLCEQFMELDNQSLRVLLTGGDKLKRIAKRSYTLVNNYGPTENTVVATSKGNLTTHANITRVVKETNYISLSEKDTLLSLSNYAFDGFTFDVYGALLNGAKLVVADQATILHIGKLTETIQKENITVMFVTTALFNLLVDAGTEWMKGIRKVLFGGERSSVSHVKKAFAAMGPDRIIHVYGPTETTVFATFKGVITPHYSVIRVVQNTNYIDITEDNVILQLSNYSFDGSVFDIFGALLNGASLVMIEKEALLNINRLGSAINEEKVSVMFITTALFNMIADIHVDCLSNLRKILFGGERASIPHVRKVLNHVGRDKLIHVYGPTESTVYATYKGVQITHVPQRNTILDINEKFNVTEQDNIMGISSLCFDLSVYDVFGALSSGASLVIIDDQRDVFSLKETAEKERITIWNSVPAIMGMTADVYPDNELNHHLRLILLSGDWIPLQLPATIKKTFKNAEVISLGGATEGSIWSIYKGVMIEHQSLINLCSWHQSCFEVGQNDNSSIYASISFDAFVWELFPYITAGATVHVLNQETRLDVEKLNRYFHDHHITISFLPTPVCEQFTALDNHSLRTLLTGGDKLNVFKEKSYQIVNNYGPTENTVVATSKGVMIEHHSVNNLVHGLNERIYQHLDAHLNVALVAPYIFDASVKQIFAALLFGHTLCIVPRETAWDAMSLIEYYSKNNINVSDMTPAHLNMLAYVDKTELEFDVKELIVGGDALTPDVIGGLFHKFPNLSCNITNVYGPTECCVDAASKGVVIPHYSAARVVKNTNYIDITGNDVILQLSNYSFDGSVFDIFGALLNGASLVLIEKETVLNTHELAEVIKKEQVSVMFITTALFNTLADINIGCLAKLRKILFGGERASIPHVRKVLDHVGRDKLIHVYGPTESTVYATYKGVMTTHRNVVHYVDAFTKRIPLSEHDTVLQVVSFSFDAFSEEVYPILACSGRLVISRKVSDLNIDELVKTIGKYRVTLVSCSPLLLNEIDKNQHLTFHPQMKFISGGDVLKFEYVENIIKGADVYNSYGPTEATVCATYKGVMVEHRNIIHAHYTWRKHYELASFSVNLLQLASMSFDVFAGDLCRSLLNGGTMYIVPDDVKLEMNLLYDMINKYGIHMLESTPSLIIPLMKYIDHHKLDFSSMKLLIMGSDTCTIKDYKWLVERFGQRMRIINSYGVTEASVDSGYKGVVTPHYSAARVVKNTNYIDITEDDAILQLSNYSFDGSVFDIFGALLNGASLVLIEKETVLNTHELAEVIKKEQVSVMFITTALFNTLADINIGCLAKLRKIFLGGERASIPHVRKVLNHVGRDKLIHVYGPTESTVYATYKGVLIEQKGLSNLVSAVVKLMHLNTGSRVIQFASLSFDASAFEIFPALAAGSALVLGRQEEMMPGQPLTSFLRQYNITHATLPPTVLDVLNESGLENLKVIVSAGSACSEELAKRWSGNRLFINAYGPTETTVCATAKGVMVNHQSIVNTLYWRKQSYGYSTADATLQVPSFSFDSSVEDIFTTLISGAKLVLIRDLRMNPREIIGVLRTHKATNLLAVPSFYLNLLDTIEQPLDDLRFVTVAGEGFNESLIRQHFEKLPNVKLFNEYGPTENSVCSTRKGVFVRHGNVVNYTTWFMKEAGLTENDKAMLVSSYAFDLGYTSIFSALLSGSELHIARKECYTNAHRALKYIKENGITYIKLTPSLFNIFVNDPGFSAEKPCATLRLVVLGGEMINTRDVETFYNQYPDHVVMNHYGPTETTIGSVFKGVMIRQRGLVNYITWADRVYVQGEQLDFALYSSIAFDLTVTSIFTPLISGNRVIVYRHSEDGEPLIRKVFRDQKAGIVKLTPSHLSLVKDMDASGSSIKRLIVGGEDLKTELAKEITERFHHNIEIYNEYGPTETVVGCMIKGVVNTHRNVVRLFDATRPWFDFGPDDVWTLFHSYAFDFSVWELWGALLHGGRLVVVPYDVSRSPHAFLDLLADQGVTVLNQTPSAFHQLAQAAADPGRPPRRLALRTVVFGGEALQPARLAEWYRRHPEDTPQLVNMYGITETTVHVTHKGVIATHRNITALALDPRFDPTAHRRVLLHSPTAFDASTYEIWVPLLNGNTVVLAPTGDLDVHTYHRVITDQQITAVFLTTALFNLLTEHDPACLAGVREVWTGGEAVSAFSVRRVQEACPSVVVVDVYGPTETTTFATHKGVMVEHRNIVRLVKNAGCIPLKSGVKMAQTGAVSFDASTFEVFGALLNGGTLYPVPKETLLDGKRFNMFLKETGITTMWLTSPLFNQIAQQDPGMFATLNDLIIGGDALVPGIVNRVKRESPELSLWNGYGPTENTTFSTCKGVQLEHRNLANYVSWFISEAHLSASDKTMLLSSYAFDLGYTSFFPVLLAGGELHIVPKETYTEPEAFTHYIGEQGITYMKLTPSLFHTVVQPQSFALAKGLQSLRLIVLGGEKINPKDVERFHSRYPDTRFINHYGPTETTIGAIAKGVMVEHRSLVNLCYWHNDAFKVTEHDKSAKYAGFGFDASVWEMFPYWIAGAELHIIDEAIRMDITRLNQYFEENKITITFLPTQLCEQFMELDNQSLRVLLTGGDKLKRIAKRSYTLVNNYGPTENTVVATSKGNLTTHANITRVVKETNYISLSEKDTLLSLSNYAFDGFTFDVYGALLNGAKLVVADQATILHIGKLTETIQKENITVMFVTTALFNLLVDAGTEWMKGIRKVLFGGERSSVSHVKKAFAAMGPDRIIHVYGPTETTVFATFKGVRLPHESILNRLQWQWATFPYTANEAVSVFKTALTFVDSIAELWGPLMCGLAILVVPKAVTKDPQRLVALLERYKIRRLVLVPTLLRSLLMYLKMEGGGAAQKLLYNLQIWVCSGEPLSVSLASSFFDYFDEGVHRLYNFYGSTEVLGDVTYKGVMNEHLGVVNRLLWARDAYQVNSQDRVLQKTPCGFDLSVWEFFLPLLTGAELVMAPPGGHQDPDYLAQVMSDAGITLLHFVPSMLDVFLEHRSTRDFPQLRRVLCSGEALPRALQRRFEQQLKGVELHNLYGPTEAAIDVTAKGVMNEHLGVVNRLLWARDAYQVNSQDRVLQKTPFGFDVSVWEFFLPLLTGAELVMARPSGHQDPDYLAQVISDAGITLLHFVPSMLDVFLEHRSTRDFPQLRRVLCSGEALPRALQRRFEQHLKGVELHNLYGPTEAAIDVTAKGVMIEHRGLVNYSVDAARLFDLSPTDTVLQQNTLNFDLSVEEIFPALLAGATLTPSREIFgsEgTENHGINPTVLHLTAAHWHTLVAEWHKQPQVAEQRLQHVRLINVTGDALSAQKLKLWDEVRPAHTRLINTYGPTEATVSCTAKGVMIEHRGLVNYSVDAARLFDLSQSDTVLQQNTLNFDLSVEEIFPALLAGATLAPSREIFgsEgTETHGIQPTVLHLTTAHWHTLVAEWHNQPQAAEQRLQHVRLINVTGDALSAQKLKLWDEVRPAHTLLINTYGPTEATVSCTAKGVMVEHRGLFAVSAAWEQLYALHAPLNHLQMAGFFDVFSADLIRSLAFGGTLVLCPRETLMDPPALYRLLSEESIGFADFVLAVLNALLGWVEETGHDLSFMRTVVCGSDIWTAHSARQLRKLCGDHVQVVQAYGVTEASIDSTCKGVIVTHNGIVRLVQDNGYYDFSAEDRVAFSSNPAFDASTPEIWGALLNGCQSVIIEPQVLLEPVAFAALLKRHGVTAMISSTALFNLYAGLIPEALAGLRMIMCGGERADPASFRRVREHSAQVRLFNGYGPTEGTTCATSKGVLVEHGNVARLFDATAGQFNFGHEDVWTPFHSFAFDFSVWEIWGALCYGGKLVIVPSEVARSPDDFYALVCEQQVTVLNQTPSAFRQFIQARERSPQEHALREVVFGGEALDFRSLQPWTARTPLSRTRLVNMYGITEITVHATYKGVMVEHRSVFNFWNVLTRTTHQHCPTPATVALNAGFFFDMSIKGISQLFSGHKLVIIPQLLRANGSELLDFLEAHQVHAFDSTPSQLDTLLSAGLLERSSYQPVSVLLGGEAINASTWEKLRNCPTIRLYNMYGPTECTVDATIKGVEVSHAAAINTIDALLDLLRVNASDRLLAVSALDFDLSVFDLFGGLGAGASLVLPAQEQARDAAAWAEAIQRHAVSLWNSAPALLEMALSLPASQADYRSLRAVLLSGDWVALDLPGRLRPRCAEGCRLHVLGGATEAGIWSNLKGVMLSHAAVSNTLLDINQRYGVDANDRVLGLAELSFDLSVYDFFGATAAGAQVVLPDPARGSDPSHWAELLERHAITLWNSVPAQGQMLIDYLESEPQRHLPGPRCVLWSGDWIPVSLPTRWWRRWPDSAAVQPGRRTEAAIWSIEKGVAVPHRPVAEYFVWFKGEYDVDDTDRLLQVASPSFDVSIAEIFGTLACGARMVIPRPGGLTDIGYLTALLRDEGITAMHFVPSLLGLFLSLPGVSQWRTLQRVPIGGEPLPGEVADKFHATFDALLHNFYGPTETVINASRKGAMIRQDAIAERLQWQRDHILHFGKHDHTDASLFKAPLSFDISVNEILLPLVSGGRVVVAVPDGEKDPEYLLELIRTEQVTFVYLVSSMLDTLLELDRLATADGAPSSLASLRHVWCGGEVLTPGLFARFRKQLTTTLYHGYGPAEATIGVSHKAVVGTHAALANRLAWAVEAWPAATRIAKSPLSFIDGTTELLAGLAAGARTVLAGDETARDGRRLAQLVAAHGVEQLLAVPSLAAVLADERTEDVAELNRWIVSGEALEPRHLHALRTACPTAEIVNSYGSSEVAGDVLAKGVLTGYAGLTNMYFNHREAIFAPTVARAGSAEQLRIAHTVSFSFDMSWEELFWLVEGHQVHVCDEELRRDAPALVAYCHRHRIDVINVTPTYAHHLFDAGLLDDGAHTPPLVLLGGEAVGDGVWSALRDHPDSAGYNLYGPTEYTINTLGKGVEVTHRNVAALFAGTTSGLYDFGPDDVWTMFHSAAFDFSVWELWGPLLHGGRLVVVEHDVARDPERFVDLLARERVTVLNQTPSAFYPLLEADARLRRQLALRYVIFGGEALDVRRLAPWYANHESHSPRLVNMYGITETCVHVSHKGVVTPHRGLTNMHLNHREAIFAPTIARAHGRRLKIAHTVSFSFDMSWEELLWLIQGHEVHICDEVLRRDATSLVRYCHDHRIDVINVTPTYAALLFEEGLLEQAGHPPVLVLLGGEAVSTTVWNRLRDSERWYGYNLYGPTEYTINTLGKGVAVEHLQAVSFLTGMQMQFPLEEDDIIMMKTSFSFDASVWQLFWWTLSGASAYLLPSGWEKDPALMVKAIREEGVTTAHFIPAMLNSFLDQAEIEAPRSLKRVFAGGEPLAPHTAARFASLLPETSLVHGYGPTEATVDAAFKGVIVTHRNFAHAVLAWRRIYQLDQMPVRLLQMASFSFDVFSGDLARTLANGGTLVICPDETRLEPAELYALMNRQRITIMESTPALIVPFMEYVYRNQLSLPDLDILILGSDMVKAHDFKTLADRFGNKMRLINSYGVTEATIDSSYKGVLVDHQGIANTLQWRREEYGMSEGDTALHLFSYVFDGCVTSLFTPLLSGACVLLTTDNEAKDVLALRRKIAQYKVSHMLIVPSLYRVLLEVLTAEDAKSLRIVTFAGEAVTPDLLETSRKICPSAELANEYGPTENSVATTIKGVVVEHRNVISLLKHQDLPFDFGSEDVWTLFHSYCFDFSVWEMFGALLNGSTLVVVSRETARDPNAFRLLLKNEGVTVLNQTPTAFYGLIHEEENHTDRLHVRYVIFGGEALQPGMLVTWNEKYPDTDLINMYGITETTVHVTYKGIIMEHASFSACALSSMEPLHIGPQDRVLHFASYAFDLSLFEILAPLIAGATVVIPSEKARLENLPCAMTDLGATWAFLTPTVARLYRPTQMPTLKTLCLGGEAVNASDIKSWSSKNLISGYNPAECCPLGISKIVMTDHQAFMTNASPLMNGLGITSDSRVFQFCGYSFDLLIVEHFLTLLAGGCICIPSLHNRNNRFAASIVELEANWVGSPSSVLQLLDPQTVPTVKTIMQAGERLQQGLVDRWASHVRLINAYGPAECSVGALAKGAIVEHASLSTAAKYMASRLHIDSASRVLQFSSHAWDIPVTEVLVTLRMGGCVCVPSEEERTGNLAKASERMKVNWALWTPTVARLFKPEEFPHLKTLVFAGEALSATDLETWCDRVRLVQGYGPAECSLISTVKGVLGRHFSLAYYFNWMSKRFNLTENDKFTMLSGIAHDPIQRDMFTPLFLGAQLYVPTQDDIGTPGRLAEWMSKYGCTVTHLTPAMGQLLTAQATTPFPKLHHAFFVGDILTKRDCLRLQTLAENCRIVNMYGTTETQRAVSYKGTMLEHKGIANLQSFFQNSFGVTEQDRIGLFASMSFDASVWEMFMALLSGASLYILSKQTIHDFAAFEHYLSENELTIITLPPTYLTHLTPERITSLRIMITAGSASSAPLVNKWKDKLRYINAYGPTETSICATIKGVQISHDNLLSFTNWMITDKEFATPSRPQMLAQPPYSFDLSVMYWAPTLALGGTLFTLPSVITQDFKQLFAAIFSLPIAIWTSTPSFADMAMLSEYFNSEKMPGITHFYFDGEELTVKTAQKLRERFPNARIINAYGPTEATVALSAKLIPRTHNDYYYSVRRSVEICQFTQQTRYLCAIPaAHNYAMSSPGSLGVFLAGGTVVLAADPSATLCFPLIEKHQVNVTALVPPAVSLWLQALIEGESRAQLASLKLLQVGGARLSATLAARIPAEIGCQLQQVFGMAEGLVNYTRKGVMVGQTAIVNRLLWMQNHYPLTGEDVVAQKTPCSFDVSVWEFFWPFIAGAKLVMAEPEAHRDPLAMQQFFAEYGVTTTHFVPSMLAAFVASLTPQTARQSCATLKQVFCSGEALPADLCREWQQLTGAPLHNLYGPTEAAVDVSWKGTMLEHKGISNLKVFFENSLNVTEKDRIGQFASISFDASVWEMFMALLTGASLYIILKDTINDFVKFEQYINQKEITVITLPPTYVVHLDPERILSIQTLITAGSATSPSLVNKWKEKVTYINAYGPTETTICATTKGIFKQHTNVVNSITDLSARYGVAGQHHEAILLFSACVFEPFVRQTLMALVNGHLLAVINDVEKYDADTLLPFIRRHSITYLNGTASVLQEYDFSDCPSLNRIILVGENLTEARYLALRQRFKNRILNEYGFTESAFVTALKGVTVEHHGVVNLQVSLSKVFGLRDTDDEVILSFSNYVFDHFVEQMTDAILNGQTLLVLNDGMRGDKERLYRYIEKNRVTYLSGTPSVVSMYEFSRFKDHLRRVDCVGEAFSEPVFDKIRETFHGLVINGYGPTEVSITTHKKGVLVEQKAVLLLRDALRERYFGRDCTKHHGVLFLSNYVFDFSVEQLVLSVLSGHKLIVPPAEFVADDEFYRMASTHGLSYLSGTPSLLQKIDLARLDHLQVVTAAGEELHATQYEKMRRRFNGPIYNAYGVTETTVYNIIKGVVISHQGALNTCIAINRRYQIGKNDRVLALSALHFDLSVYDIFGLLSAGGTIVLVSELERRDPIAWCQAIEEHNVTMWNSVPALFDMLLTYATCFNSIAPSKLRLTMLSGDWIGLDLPQRYRNYRVDGQFIAMGGATEASIWSNVKGIYKEHTSVVNSITDLSARYGVAGEDDEVILVFSAYVFEPFVRQMLMALTTGNSLAIISDEDKFDPDTLIPFIQKHKVTYIHATSSVLQEYDFGSCPSLKRMILVGENLTEPRYEALRQRFKSRILNEYGFTESAFVTALKGVMVEHHGVVNLCVSLCRLFGLRNTDDEVILSFSNYVFDHFVEQMTDALLNGQTLVVLNDEMRGDKERLYRYIETNRVTYLSGTPSVISMYEFDRFRDHLRRVDCVGEAFSEPVFDKIRETFPGLIINGYGPTEVSITTHKKGVLVEHQSVVQLRNSLIERYFGETNGSHAVLFLSNYVFDFSLEQLCLSVLGGNKLIIPPEEGLTHEAFYDIGRREKLSYLSGTPSVLQQIELSRLPHLHMVTAAGEEFHASQFEKMRSQFAGQINNAYGITETTVYNIIKGIFKQHTNVVNSITDLSARYGVAGQHHEAILLFSACVFEPFVRQTLMALVNGHLLAVINDVEKYDADTLLPFIRRHSITYLNGTASVLQEYDFSDCPSLNRIILVGENLTEARYLALRQRFKNRILNEYGFTESAFVTALKGVTVEHHGVVNLQVSLSKVFGLRDTDDEVILSFSNYVFDHFVEQMTDAILNGQTLLVLNDGMRGDKERLYRYIEKNRVTYLSGTPSVVSMYEFSRFKDHLRRVDCVGEAFSEPVFDKIRETFHGLVINGYGPTEVSITTHKKGVLVEQKAVLLLRDALRERYFGRDCTKHHGVLFLSNYVFDFSVEQLVLSVLSGHKLIVPPAEFVADDEFYRMASTHGLSYLSGTPSLLQKIDLARLDHLQVVTAAGEELHATQYEKMRRRFNGPIYNAYGVTETTVYNIIKGVMIEHRQVHHLVESLQQTIYQSPTQTLPMAFLPPFHFDASVKQIFASLLLGQTLYIVPKKTVTNGAALTAYYRKNSIEATDGTPAHLQMLAAAGDFEGLKLKHMLIGGEGLSSVVADKLLKLFKEaGTAPRLTNVYGPTETCVDASVKGNIVTHANILRTVKETNYLSITEQDTILGLSNYVFDAFMFDMFGSLLNGAKLVLIPKETVLDMARLSRVIERENISILMITTALFHLLVDLNPACLSTLRKIMFGGERASVEHVRKALQTVGKGKLLHMYGPSESTVFATYKGVMVEHHALVNLCFWHHDAFSMTAEDRSAKYAGFGFDASIWEMFPTWSIGAELHVIEEAIRLDIVRLNDYFETNGVTITFLPTQLAEQFMELENTSLRVLLTGGDKLKRAVKKPYTLVNNYGPTENTVVATSKGILKQHTNVVNSITDLSARYGVTGDHHEAILLFSAYVFEPFVRQMLMALVNGHLLAMVDDAEKYDAEKLIPFIREHKITYLNGTASVLQEYDFSSCPSLKRLILVGENLTESRYLALRRHFKNCILNEYGFTESAFVTALKGVMVEHHGVVNLQISLSKTFGLRDTDDEVILSFSNYVFDHFVEQMTDAILNGQTLVMLNDAMRSDKERLYQYIETNRVTYLSGTPSVISMYEFSRFKDHLRRVDCVGEAFSQPVFDQIRDTFQGLIINGYGPTEISITTHKKGVLVEQGGVLHLRDALRKRYFGIECNEYHAVLFLSNYVFDFSIEQLVLSIMSGHKLIIPEGEFVADDEFYITANGQRLSYLSGTPSLLQQIDLARLNHLQVVTAAGEQLHAAQFNKLRSGFRGPIYNAYGITETTVYNIVKGVPKYHYSVVNSITDLSERYDMRRPGTERVALFASYVFEPHLRQTLIALINEQTLVIVPDDVRLDPDLFPEYIERHGVTYLNATGSVLQHFDLRRCASLKRLLLVGEELTASGLRQLREKFAGRVVNEYAFTEAAFVTAVKAVLVEHRGVVNLQVSLAKLFGLDKAHRDEALLSFSNYIFDHFVEQMTDALLNGQKLVVLDDSMRTDPGRLCRYMNDEQVTYLSGTPSVLSLYDYSSATSLTRIDAIGEDFTEPVFAKIRGTFPGLIINGYGPTEISITSHKKAVLVSHGSVDSFRAQLSGRYFGSPDESAEAVLFLANYVFDFSVEQLALSVLGGHKLLVPPPSAADDPAFYELANREGLSYLSGTPTQVERFDLARLSHLRCVLVAGEAFQPQHFEKMRGEFAGPILNAYGTTETTVYNTVKGVMVGQTAIVNRLLWMQNHYPLTGEDVVAQKTPCSFDVSVWEFFWPFIAGAKLVMAEPEAHRDPLAMQQFFAEYGVTTTHFVPSMLAAFVASLTPQTARQSCVTLKQVFCSGEALPADLCREWQQLTGAPLHNLYGPTEAAVDVSWKGVQISHDNLLSYVNWNISDFGLEEGVVAMSQPPYSFDLSVMDLYPTLVLGGTLKALPKEVTDNFKELFATLPKLGLNEWVSTPSFVEIALLDPNFKQENYPNLTHFLFCGEELVNKTAQALITRFPKATVYNTYGPTEATVAVTGKGVQISAANLQSFTDWICADFPVSGGKIFLNQAPFSFDLSVMDLYPCLQSGGTLHCVTKDAVNKPKVLFEELKKSGLNVWTSTPSFVQMCLMDPGFSQDLLPHADTFMFCGEVLPVSVAKALLERFPKAKIFNTYGPTEATVAVTSKGVAVEHRQAVSFLTGMQHQFPLSEDDIVMVKTSFSFDASVWQLFWWSLSGASAYLLPPGWEKDSALIVQAIHQENVTTAHFIPAMLNSFLDQAEIERLSDRTSLKRVFAGGEPLAPRTAARFASVLPQVSLIHGYGPTEATVDAAFKGVIVTYQNFTHAALAWRQIYELDRKPVRLLQIASFSFDVFSGDLARTLTNGGTLIVCPDETRLEPAEIYKIIKSQRITVMESTPALIIPVMEYVYRNQFKLPDLDILILGSDMVKAQDFKTLTDRFGQSMRIINSYGVTEATIDSSFKGVLVDHHGIANTLQWRREEYSMTEQDISLHLFSYVFDGCVTSLFTPLLSGACVLLTTDDEAKDVLALKRKIARYKVSHMIIVPSLYRVLLEVMTADDAKSLRIVTFAGEAVTPDLLELNQIICPSAELANEYGPTENSVATTIKGVIVEHRNVISLLKHQNLPFEFNHEDVWTLFHSYCFDFSVWEMFGALLNGSTLVVVSKETARDPQAFRLLLKKERVTVLNQTPTAFYGLMLEDQNHTDHLNIRYVIFGGEALQPGLLQSWNEKYPHTDLINMYGITETTVHVTFKGVAVEHRQAVSFLTGMQHQFRLSEDDIVMVKTSFSFDASVWQLFWWALSGASAYLLPPGWEKDSALIVQAIHQENVTTAHFIPAMLNSFLDQAEIERLSDRTSLKRVFAGGEPLAPRTAARFASVLPQVSLIHGYGPTEATVDAAFKGVMIEQRSVIRLVKNSNYITFTPEDRLLMTSSIGFDVGSFEIFGPLLNGAALHLSDQQTFLDSHQLKRYIEHQGITTIWLTSSLFNHLTEQNEQTFSQLKHLIIGGEALSPSHVNRIRNVCPEVSIWNGYGPTENTTFSTCKLIPRTHDDYIYSLKRSVEVCWLDHSTVYLAALPmAHNYPLSSPGVLGVLYAGGRVVLSPSPSPDDAFPLIEREKVTITALVPPLAMVWMDAASSRRDDLSSLQVLQVGGAKFSAEAARRVKAVFGCTLQQVFGMAEGLVNYTRKGVKGRHFSLAYYFDWMAQEFNLSESDRFTMLSGIAHDPIQRDIFTPLFLGASLIVPTAEDIGTPGQLAQWANKYKVTVTHLTPAMGQLLAAQADEPIPSLHHAFFVGDILTKRDCLRLQVLANNVNVVNMYGTTETQRSVSYKGVVVTQKSLSNFLLSMQEAFSLGEEDRLLAVTTVAFDISALELYLPLISGAQIVIAKKETIREPQALAQMIENFDINIMQATPTLWHALVTSEPEKLRGLRVLVGGEALPSGLLQELQDLHCSVTNLYGPTETTIWSAAKGVMIPHQNVTRLFAATEHWFRFSSGDIWTMFHSYAFDFSVWEIWGPLLHGGRLVIVPHHVSRSPEAFLRLLVKEGVTVLNQTPSAFYQFMQAEREQPDLGQALSLRYVIFGGEALELSRLEDWYNRHPENRPQLINMYGITETTVHVSYKGVVISHRGALNTCCDINTRYQVGPHDRVLALSALHFDLSVYDIFGVLRAGGALVMVMENQRRDPHAWCELIQRHQVTLWNSVPALFDMLLTWCEGFADATPENLRAVMLSGDWIGLDLPARYRAFRPQGQFIAMGGATEASIWSNAKGVQISHDNLLSFTNWMISDDEFSVPERPQMLAQPPYSFDLSVMYWAPTLAMGGTLFALPKTVVNDFKKLFATINELPIQVWTSTPSFADMALLSNDFNSETLPQLTHFYFDGEELTVKTAQKLRQRFPKARIVNAYGPTEATVALSAKGVQIEYASLVQFTEWMLELNKSGNKQQWLNQAPFSFDLSVMAIYPCLASGGTLNLVDKNMINKPKLLNEMLTATPINIWVSTPSFMEMCLLLPTLNEEQYGSLNEFFFCGEILPHRAAKALVSRFPSATIYNTYGPTEATVAVTSKGVQIEYASLVQFTEWMLELNKSGNEQQWLNQAPFSFDLSVMAIYPCLASGGTLNLVDKNMINKPKLLNEMLTATPINIWVSTPSFMEMCLLLPTLNEEQYGSLNEFFFCGEILPHRAAKALVNRFPSATIYNTYGPTEATVAVTSKLIPRTHDDYVFNATASAALCRLSADDVYLVVLAaGHNFPLACPGLLGAMTVGATAVFAPDPSPEAAFAAIERHGVTVTALVPALAKLWAQSCEWEPVTPKSLRLLQVGGSKLEPEDARRVRTALTPGLQQVFGMAEGLLNFTRKGVEVAHDAAMNTVETFIRHFELGAADRWLALATLECDMSVLDIFAALRSGGAIVVVDEAQRRDPDAWARLIDTYEVTALNFMPGWLDMLLEVGGGRLSSLRAVAVGGDWVRPDLARRLQVQAPSARFAGLGGATETAVHATIKGVQFEHRNMANLLKFEYTHSGIDFEADVLQFATPSFDVCYQEIFSALLKGGTLHIVPEAIKRDVPQLFAFINKHQTNIVFLPTAFIKMIFSERELANSFPDGVKHLIAAGEQLMISDLFQDVLRKRGIHLHNHYGPSETHVVSTYKGVEIEHRSAVNFLNSLQSRYQLKHSDMIMHKTSYSFDASIWELFWWPYAGASVYLLPQGGEKEPEVIAKAIEEQKITAMHFVPSMLHAFLEQIKYRSVPIKTNRLKRVFSGGEQLGTHLVSRFYELLPNVSITNSYGPTEATVEAAFKGVMVEHKGIANTLQWRRNAYAFNETDTILQLFSFSFDGFITSMFTPLLSGAKAVLLHEEEAKDILAIKHQLSRQRITHMIIVPVLYRALLDVVQPEDVKTLRVVTLAGEAADRELIARSLAICPHTELANEYGPTENSVATTVKGVMITNRNVVSLVRNSNYTSASGDDRFIMTGSISFDAVTFEMFGALLNGASLHIIDKSTMLTPDRFGAYLLENDITVLFLTTALFNQLAQVRADMFRGLHTLYVGGEALSPALMNAVRHACPDLALHNIYGPTENTTFSTFKGVPKTHRSVVNAITDLSDRYQMREAGTEHVALFAALVFEPFMRQTLIALINSQTLVVVPDDVRLDPLRFPRFVDEHRISYLNGTRSVLQHFDLSQCRSLKRMLLVGEELTPSGLRTLRERFHGRIINEYAFTETAFVTAIKAVLIEHRGVVNLHTSLERLFDLSRDRGDEAVLSFSNYVFDHFVEQMTDALLSGQTLVMLDDSMRSDQQRLYAYMNANAVTYLSGTPSVLSLYEYGSIPSLKRIDAIGEDFTTPVFDKIRSSFGGLIINGYGPTEISITSHKKAVLVRHRNVLSFSAGLAQRYFGDAGAARQAILFLSSYVFDFSVEQLALSILSGNALLIPESSLLFDDAFYQRMNQERLSYISGTPTQLQLFDLARLDHLHAVLVAGEAFRAHHFDKIRAEYRGPLYNAYGTTETTVYNLVKLIPRTHDDYAYQCRVTAGICGLDADSVYLAVLPaEFNFPFGCPGILGTLHAGGRVVFALSPQPEECFALIEREHVTFTSVIPTIVHLWLAAAAQGHGRDLGSLQLLQVGSAKLHEELAARIGPELGVRLQQVFGMAEGLLTFTRKGIMIEHRSFSSCAIKFGPALGITSDTRALQFGSHAFGACILEIMTTLIHGGCVCIPSDDDRMNNVLEFINRTNVQLGHATPSYMGTFQPEVVPGLKTLVLVGEQMSASVNEVWAPRVQLLNGYGQSESSSICCVKGVMIEHRAIVRLVKSDNFPGFPSPARMSNVFNPAFDGAIWEINWMLLNGGTVVCIDYLTTLDGKELAAVFAKERVNAAFFAPAMLKLYLVDAREALKNLDFLIVGGERFDTKEAVEAMPLVRGKIANIYGPTEAGIISTCKGVPKYHDSVVNSITDLSERYDMRRPGTERVALFASYVFEPHLRQTLIALINGQTLVVVPEEVRLDPDRFPAYIEEHGVTYLNATGSVLQHFDLRRRTSLKRLLLVGEELTAAGLRQLRERFSGRIVNEYAFTEAAFVTAVKCIVVTHSQICTAVQAYKDRFGVTSETRVLQFSSYTFDISIADTFTALFYGGTLCIPSEEDRMSNLQDYMVSVRPNWAVLTPTVSRFLDPGVVKDFISTLIFTGEASREADTVPWIEAGVNLYNVYGPAENTLITTAKGAVATHQAYATGIYEHAVACGMTSLGAPPRSLQFASYSFDASIGDIFTTLAVGGCLCIPREEDRNPAGITTFINRYGVTWAGITPSLALHLDPDAVPTLKALCVAGEPLSMSVVTVWSKRLNLINMYGPTEATVACIAKGVVMEHRAWSLGFTCHAEYMGFNSCTRILQFSSLMFDLSILEIWAVLYAGGCLFIPSDKERVNNLQDFTRINDINTVFLTPSIGKLLNPKDLPNISFAGFIGEPMTRSLIDAWTLPGRRLVNSYGPTEACVLVTAKGVVMEHHSVCSALIALGKRMGLGPQSRVLQFNSYWFDVMLLDIFGTLVYGGCLCIPKEEQRMSNLSGWVQKFKVNTMLLSTSVSRLMQPADTPSLETLCLTGEAVLQSDVDRWAPKLHLIAGYGPTETCIMSVSKGVMIEHKSILRLVKNAGYVPVTEEDAMAQTGAVSFDAGTFEVFGALLNGAALYPVKKRHVLDAKQFAAFLREQSITTMWLTSPLFNQLAAKDAGMFGTLRHLIIGGDALVPHIVSKVKQASPSLSLWNGYGPTENTTFSTSKGVQIEHRNLTNYVSWFSEEAGLTKRRADGNDKTVLLSSYAFDLGYTCMFPVLLGGGELHIVQKETYTAPDEIAHYIKEHGITYIKLTPSLFHTIVNTASFAFDANFESLRLIVLGGEKIIPTDVIAFRKMYGHTEFINHYGPTEATIGAIAKGVMVEDHALVNLCFWDHDAFSMTAEDRSAKYAGFGFDASIWEMFPTWTIGAELHVIDEAIRLDIVRLNDYFETNGVTITFLPTQLAEQFMELENTSLRVLLTGGDKLKRAVKKPYTLVNNYGPTENTVVATSKGNITTHANIQGLVKHVDYMAFSDQDTFLSVSNYAFDAFTFDFYASMLNAARLIIADEHTLLDTERLTDLILQENVNVMFATTALFNLLTDAGEDWMKGLRCILFGGERASVPHVRKALRIMGPGKLINCYGPTEGTVFATAKGVMIEHRGIVRLVKGTNIISPAQAAVPTAHLANIAFDLSTWEIYTPILNGGTLVCIEHSVTLDSKALEAVFTKEGIRVAFLAPALIKQCLADRPAIFAGLDSLYAIGDRFDRRDALHAKSLVKHGVYNAYGPTENSVVSTIKGVMVEHRGVISLVKQNASRIPQSLRMAHVSNLAFDASVWEIFTTLLNGGTLFCISYFTVLDSKALSAAFSDHRINITLLPPALLKQCLADAPSVLSSLESLYIGGDRLDGADATKVKDLVKGKAYNAYGPTENSVMSTIKGVMVEHRAIMRLVKDSNVVTHMPPATRMAHVTNIAFDVSLFEMCATLLNGGTLVCIDYLTLLDSTMLRETFEREQVRAAIFPPALLRQCLVNMPDAIGMLEAVYVAGDRFHSRDARATQALAGPRVYNAYGPTENAILSTIKGVMIEHRGVLRLVKQTNILSSLPPAQTFRMAHMSNLAFDASIWEVFTALLNGGSLVCIDRFTILDAQALEALFLREHINIALFPPALLKQCLTDAAATIKSLDLLYVGGDRLDTADAALAKALVKSEVYNAYGPTENTVMSTLKGVMVEHRGIVRLTKQTNITSKLPESFHMAHISNLAFDASVWEVFTTLLNGGTLVCIDYFTLLESTALEKVFFDQRVNVALLPPALLKQCLDNSPALVKTLSVLYIGGDRLDASDAAKARGLVQTQAFNAYGPTENTVMSTIKGVMVQHRNIVRLVKNSNVVAKQPAAARIAHISNLAFDASSWEIYAPLLNGGAIVCADYFTTIDPQALQETFQEHEIRGAMLPPSLLKQCLVQAPDMISRLDILFAAGDRFSSVDALQAQRLVGSGVFNAYGPTENTILSTIKGVMVEHRSVTRLAKPSNVISKLPQGARVAHLANIAFDASIWEIATTLLNGATLVCLDYHTVLDCRTLKEVFERESITVVTLMPALLKQCVAEIPETLAHLDLLYTGGDRVGGHDAMRARSLVKIGMFSGYGPTENTVISTIKGVMIEHRGIVRLVRDTNVNVFPESGSALPVSHFSNLAWDAATWEIYTAVLNGGTVVCIDRDTMLDIAALNSTFRKENVRAAFFTPAFLKQCLAETPELVANLEILHTAGDRLDPGDANLAGKTAKGGIFNVLGHTENTAYSTFKGVMIDHRSIIRLVKNSDVVATLPTPVRMANVSNLAFDISVQEIYTALLNGGTLVCLDYLTLLDSKILYNVFVEAQVNAAMFTPVLLKQCLGNMPAIISRLSVLFNVGDRLDAHDAVAASGLIQDAVYNAYGPTENGMQSTMKGVMIEHRNILRLVKQSNVTSQLPQDLRMAHISNLAFDASIWEIFTAILNGGALICIDYFTLLDSQALRTTFEKARVNATLFAPALLKECLNHAPTLFEDLKVLYIGGDRLDATDAAKIQALVKGTVYNAYGPTENTVMSTIKGVMVEHRGITRLVKNSNVVAKQPAAAAIAHLSNIAFDASSWEIYAPLLNGGTVVCIDYYTTIDIKALEAVFKQHHIRGAMLPPALLKQCLVSAPTMISSLEILFAAGDRLSSQDAILARRAVGSGVYNAYGPTENTVLSTIKGVMLEHKNIVNLLHFTFEKTNINFSDKVLQYTTCSFDVCYQEIFSTLLSGGQLYLIRKETQRDVEQLFDLVKRENIEVLSFPVAFLKFIFNEREFINRFPTCVKHIITAGEQLVVNNEFKRYLHEHNVHLHNHYGPSETHVVTTYKGVMVEHRNVIRLVKNTNYVQVREDDRIIQTGAIGFDALTFEVFGSLLHGAELYPVTKDVLLDAEKLHKFLQANQITIMWLTSPLFNQLSQGTEEMFAGLRSLIVGGDALSPKHINNVKRKCPNLTMWNGYGPTENTTFSTCKGVMIEHQSYVNVAMAWKDAYRLDTFPVRLLQMASFAFDVSAGDFARALLTGGQLIVCPNEVKMDPASLYAIIKKYDITIFEATPALVIPLMEYIYEQKLDISQLQILIVGSDSCSMEDFKTLVSRFGSTIRIVNSYGVTEACIDSSYKGVMIEHQSIINCLQWRKEEYEFGPGDTALQVFSFAFDGFVASLFAPILAGATSVLPKEEEAKDPVALKKLIASEEITHYYGVPSLFSAILDVSSSKDLQNLRCVTLGGEKLPAQIVKKIKEKNKEIEVNNEYGPTENSVVTTIKGVMIEHRQVHHLVRGLQQAVGAYDQDDLKLALLAPFHFDASVQQIFTSLLLGQTLYIVPKKTVSDGRALSDYYRRHQIDVTDGTPAHLQLLSAADDLSGVKLRHMLVGGEALSRVATERLLQLFAEtaESVPDVTNVYGPTETCVDASSKGNMVSHRNILRTVKNTNYLDVMTSDIVLSISNYVFDAFMFDVFGSLLNGAKLVIAPKDTILDMSRLAHVLEKEKVTVLMITTALFNLLTDMRPDSLKGLRRVLFGGERASVDHVRRALNTVGKGRLLHMYGPSESTVFTTYKGVMVEHRSLVNLCYWHNDAFKVTEQDKSAKYAGFGFDASVWEMFPYWIAGAELHIIDESIRMDITRLNQYFEENTITITFLPTQLCEQFMELDNQSLRVLLTGGDKLKRIAQRSYTLVNNYGPTENTVVATSKGVMITNRNVVSLVCNSNYTSASVNDRFILTGSISFDAVTFEMFGALLKGATLHIIDKSTMLTPDRFGAYLIENNITVLFLTTALFNQLAQAQADMFHRLHTLYVGGEALSPELINAVRRACPNLSLYNIYGPTENTTFSTFKGVMIEHKSILRLVKNAGYVPVTEEDRMAQTGAVSFDAGTFEVFGALLNGAALYPVKKETLLDAKQFAAFLREQSITTMWLTSPLFNQLAAKDAGMFGTLRHLIIGGDALVPHIVSKVKQASPSLSLWNGYGPTENTTFSTSKGVQIEHRNLTNYVSWFSEEAGLTENDKTVLLSSYAFDLGYTSMFPVLLGGGELHIVQKETYTAPDEIAHYIKEHGITYIKLTPSLFHTIVNTASFAKDANFESLRLIVLGGEKIIPTDVIAFRKMYGHTEFINHYGPTEATIGAIAKGVMVEHHALVNLCFWHHDAFSMTAEDRSAKYAGFGFDASIWEMFPTWTIGAELHVIDEAIRLDIVRLNDYFETNGVTITFLPTQLAEQFMELENTSLRVLLTGGDKLKRAVKKPYTLVNNYGPTENTVVATSKGVAISHRSAATFVQWAGETFSKEELTGVLAATSICFDLSVFELFVPLSYGGRVILADTALHLLELPAASEVTLINTVPSAITELLNASGIPSSVRTINLAGEALTSDLVARLYAETPAARVVNLYGPSETTTYSTYKGVMVSHGALANFLTTMAREPGLRAEDVLAAVTTFSFDIAALELYLPLVQGARVVMATREQAADGRALSGVLARHGVTVMQATPATWRMLADAGGAPGTGFTVLCGGEALPQDLADALTANGARVWNLYGPTETTVWSCRKGTLLTHRNALRLFSATEAWFGFDERDVWTLFHSYAFDFSVWEIFGALLYGGCLVIVPQWVSRSPEDFYRLLCREGVTVLNQTPSAFKQLMAVACSADMATQQPALRYVIFGGEALDLQSLRPWFQRFGDRQPQLVNMYGITETTVHVTYKGTLLTHRNALRLFSATEAWFGFDERDVWTLFHSYAFDFSVWEIFGALLYGGRLVIVPQWVSRSPEDFYRLLCREGVTVLNQTPSAFKQLMAVACSADMATQQPALRYVIFGGEALDLQSLRPWFQRFGDRQPQLVNMYGITETTVHVTYKGVQVSHGNVSRLLESTQRAYGFNAQDVWSMFHSIGFDFSVWEIWGALAHGGQVAVVPYDISRSPAALRQWLADQRITVLSQTPSAFRGLDEADRGNTAPLALRYVVLGGEALPASVLRPWVERHGDQKPALINMYGITEATVHTTFKGVQISHDNLLSFTNWMINAEAFATPHRPQMLAQPPYSFDLSVMYWAPTLALGGTLFALPKEITADFKQLFTTINQLPIGVWTSTPSFVDMAMLSDDFNAQQLPHLTHFYFDGEELTVKTAKKLRQRFPQARIVNAYGPTEATVALSAKAVLMPGICVVNLLLWQERTMGREPASRTAQFITATFDYSVQEIFSALLGGTLVIPPDDIRLDPARLAQWIDDSRITRIYAPTTVLRALVEHVDPHGHGLVDIASPLPGGESLVLDGKLRECALHRPHLRVHNHYGPAESQLVTGYKCVAHTGAAPSPSWSVMVGAFPVGGDDVFACHAPLHFDVSVASVLGSALGGAALAPVPRELSGFPVELATWIAERAVTVWLSVPYPLARLSGLEERAARERLATLRTVVFAGDVFPHQRLAALICAPGARFLNIYGPTETNGCTYEKGVVIPHSNVVRLFTSTDHWFGFGPDDVWTLFHSYAFDFSVWEIWGALLHGGRLVVVPYHVSRSPGDFLDLLAREKVTVLNQTPTAFHQLDAADRARTAAPELALRYVVFGGEALDVARLADWYARRGTAARLVNMYGITETTVHVTHKGVAITHGDVAALAADTCWRTGNQQRVLLHSPYSFDTSQYELWVPLLSGGTVVVAPPGDLDTRALERAIVDGGVTGMWLTSGLFNLLAEESPHCFTGVREVWTGGDVVSPAAVARVLAASPSTMVADGYGPTETTTFATHKLIPRRHADYSYNFSASAELCGISQQSVYLAVLPvAHNFPLACPGILGTLACGGKVVLTDSASCDEVMPLIAQERVTHVALVPALAQLWVQAREWEDSDLSSLRVIQAGGARLDPTLAEQVIATFDCTLQQVFGMAEGLLCFTRKGVAVPHGAVAGLAGDAGWRIGPGDGVLMHATHVFDPSLYEMWVPLATGGRVLVAAPGVVDAGGIRQAVARGATAVHLTAGTFRALAEASPDCFAGLREVGTGGDVVPAHTVAHLRRAQPQLRVRNTYGPTETTLCATWKGVAVSHGDVAALVGDPGWRTGPGDTVLMHASHAFDISLFEIWVPLLSGARVMIAGPGAVDGAALAAQVAAGVTAAHLTAGAFRVLAEESPESVAGLREVLTGGDAVPLAAVERVRRACPDVRVRHLYGPTETTLCATWKGVAVPHGSVAALAGDPGWSVGPGDGVLMHAPHAFDASLLEIWVPLLSGAHVVVADPGAVDAQRLREAIDRGVTTVHLTAGSFRVLAEESPDAFRGLREVLTGGDAVPLASVVRLRETCPEIRVRHLYGPTETTLCATWKGVLVTHAGLGNLASAQIERFGVTSSSRVLQFAALGFDAAISEVCMALLSGGSIVLADAEHMPPRVSLGDAVRRWDITHVTVPPSVLAVEDDLPDDLTLIVAGEACPPALVDRWSPGRRMINGYGPTETTVCATMKGVAVAHGGVAALAGDPVWEVGAGDAVLMHAPHTFDASLYDVWVPLVSGARVMLAEPGVVDAQRLAAHVADGLTAVNFTAGQFRALAQESPESFAGLRDVLAGGDVVPLGAVERVRQACPGLRVWHTYGPTETTLCATWKGVAVPHRSVAELAGNPGWAVEPGDAVLMHAPYAFDASLFEIWVPLVSGGRVVIAEPGPVDARRLREAISSGVTRAHLTAGSFRAVAEESPESFAGLREVLTGGDVVPAHAVARVRSACPRVRIRHLYGPTETTLCATWKGVVVPHAGLGNLALAQIDRFGVSPSSRVLQFAALGFDAMVSEVLMALLSGARLVMAPEHQLPPRVSLAEALQRWDVTHVTVPPSVLATAEALPARLETVVVAGEACPPSLADRWSAGLRLVNAYGPTEATVCAAMKGVMIDHRGAVNTILDINERFEIGPGDRVLALSSLSFDLSVYDVFGILAAGGTIVVPDASKLRDPAHWAELIEREKVTVWNSVPALMRMLVEHFEGRPDSLARSLRLSLLSGDWIPVGLPGELQAIRPGVSVISLGGATEASIWSIGKGVAVPHRPVAEYFVWFKGEYDVDDTDRLLQVASPSFDVSIAEIFGTLACGARMVIPRPGGLTDIGYLTALLRDEGITAMHFVPSLLGLFLSLPGVSQWRTLQRVPIGGEPLPGEVADKFHATFDALLHNFYGPTETVINASRKGVEVAHDAAMNTVETFIRHFELGAADRWLALATLECDMSVLDIFAALRSGGAIVVVDEAQRRDPDAWARLIDTYEVTALNFMPGWLDMLLEVGGGRLSSLRAVAVGGDWVRPDLARRLQVQAPSARFAGLGGATETAVHATIKGVIGTHRALSAYADDHIERVLRPAAQRLGRPLRIAHAWSFTFDAAWQPLVALLDGHAVHIVDDHRQRDAGALVEAIDRFGLDMIDTTPSMFAQLHNAGLLDRAPLAVLALGGEALGAATWRMIQQNCARTAMTAFNCYGPTETTVEAVVKGVMGRHISILNVIRSLRLTFNLNKHPEWRYIFTAPVTHDPSFRNIFLPLTIGAALYMYEVQHIGHLVSFLQENKINVLHTTPSIYREILAVLAPEETIPTLKYISCGGEKLDRETAIALRKRFPAEIVsNVYGSTETCVGVSQKGVAIPHGGVAALAGDPGWGVGPGDAVLMHAPHTFDASLYDVWVPLVSGARVMITEPGVVDAERLAGHVADGLTAVNFTAGHFRALAQESPESFSGLREVAAGGDVVPLDVVERVRRACPRLRVWHTYGPTETTLCATWKGVAVPHRSVAELTGNPGWGVEPGEAVLMHAPYTFDASLFEIWVPLVSGARVVIAAPGAVDARRLREAVAAGVTRVHLTAGSFRAVAEESPESFAHFREVLTGGDVVPAYAVQKVRAACPHVRIRHLYGPTETTLCATWKGVVVSHAGLGNLAMAQIDRFAVSPSSRVLQFAALGFDAMVSEMLMALLSGARLVMAPEPALPPRVSLAEALRRWEVTHVTVPPSVLATADALPAGLETVVVAGEACPPGLAERWSAGRRLVNAYGPTEATVCAAMKGVAVSHGNVAALAGEPGWGLGPEDAVLMHASHAFDISLFELWVPLLSGARVVLAEPGAVDGEALAGYVAGGVTCAHLTAGTFRVLAEESPESVAGLREVLTGGDAVPLAAVERVRRACPDVRVRHLYGPTEATLCATWKGVAVPHGSAAALAGDPGWSQGAGDRVLMHASHAFDASLLEIWVPLVSGACVMVAEPGAIDAQRLRDVIARGATTVHLTAGTFRVLAEESPDSFSGLREVLTGGDVVPLESVARVRRACPEVRVRELYGPTEVTLCATWKGVLVPHAGLGNLASAQIERFGVTSASRILQFAALGFDAAVSELCMALLSGGTVVLADAESMPPRVSLGDAVRRWGITHVTVPPSVPAVEDDLPDSLETLVVAGEACPPALVDRWSPGRRMINAYGPTETTVCATMKGVGVPHGAVAGLAGDEGWRIGPGDAVLMHATHVFDPSLYAMWVPLAMGGRVVLTEPGVLDALGMRQAVERGVTFVHLTAGTFRALAESSPECFAGLVEVGTGGDVVPAQSVEHLRRAVPGLRVRNTYGPTETTLCATWKGVIVPMRGLSNFLMAMQQKFSLNENDHLLAVTTFAFDISALEIYLPLISGASLTIAQKEDIQEPSALTTLLQEERVTIMQATPTLWQALVTDYPEKLQGLNILVGGEALPAHLANKLKELGCSITNLYGPTETTIWSTFKGVIVPMKALSNFLLAMDDIFSLNENDHLLAVTTFAFDISALEIYLPLISGASLTIAQKEVIQEPSALTALLQEERVTIMQATPTLWQALVTEYPEKLQGLNVLVGGEALPAHLAKTLKELGCTITNLYGPTETTIWSTVKGVMIPHQNVVRLLGATDHWFQFDADDVWTMFHSYAFDFSVWEIWGPLLYGGRLVVVPHTVSRSPKEFLQLLVKEKVTVLNQTPSAFYQLMQADRENEEIGQKLSLRYVVFGGEALELSRLEDWYSRHPHNAPKLINMYGITETTVHVSYKLIPRTHDDYIYSLRVSAEICNLSAESVYMAVLPvAHNYPMSSPGTFGTFYAGGKVVLATGGSPDEAFALIEKEKVTITALVPPLAMIWLDAASSRNNDLSSLEVIQVGGAKFSAEVAKRIRPTFGCTLQQVFGMAEGLVNYTRKLIPRTHNDYYYSVRRSAEICQFTQQTRYLCSIPaAHNYAMSSPGSLGVFLAGGTVVLAADPSATLCFPLIAKHQVNVTALVPPAVSLWLQALAEGESRAQLASLKLLQVGGARLSATLAARIPAEIGCQLQQVFGMAEGLVNYTRKGVLVPHRAVSRLVLNNGYADFNAGDRVAFASNPAFDASTLDVWAPLLNGGCVVVVEQSVLLSLDEFRALLLSQSVSVLWMTAGLFHQYASGLMEALARLRYLIVGGDVLDPAVIARVLAEGAPQHLLNGYGPTEATTFSTTKGVMIEHRGLVNYSVDAARLFGLSQSDTVLQQNTLNFDLSVEEIFPALLAGATLAPSREIFGSEGTENHGIypTVLHLTAAHWHTLVAEWHNQPQAAEQRLAEVRLINVTGDALSAQKLKLWDEVRPAHTRLINTYGPTEATVSCTAKGVMIEHRGLVNYSVDAARLFALSQSDTVLQQNTLNFDLSVEEIFPALLAGATLAPSREIFGSEGTENHGIypTVLHLTAAHWHTLVAEWHNQPQAAAQRLAEVRLINVTGDALSAQKLKLWDEVRPAHTRLINTYGPTEATVSCTAKGVIVTHNGIVRLVRDNYDFRADDRVAFSSNPAFDASSPEIWGALLNGGQSIIVEPSVLLEPAAFAALLKRHAVTVMFSSTALFNLYAGLIPEALAGLRMLECGGERADPASFRRVREHSSQVRLFNGYGPTEATTCATRKGVMIEHRNTVNFLTWAHSAFDASALEKTLFSTSLNFDLAVYECFAPLTSGGSIEVVKNVLELQHGEHDIGLINTVPSALKALLEVNGLPESVHTVNVAGEALKQSLVESLFENTGVQRLCNLYGPSETTTYSSWKGVMIEHRNTVNFLTWAHSAFDAGTATSALEKTLFSTSLNFDLAVYECFAPLTSGGSIEVVKNVLELQNGEHDIGLINTVPSALKALLDVDGLPRSVHTVNVAGEALKQSLVESLFENTGVQRLCNLYGPSETTTYSSWKGVMVEHRNVARLFSATQDWFGFGEQDVWALFHSFAFDFSVWEIWGALLHGGRLLIVPQLVSRSPQDFHDLLCSAGVTVLNQTPSAFRQLIAAQGENEQAHSLRQVIFGGEALETAMLKPWYARNVNAGTQLVNMYGITETTVHVTYKGVMVEHRNVARLFSATQSWFGFNEQDVWALFHSFAFDFSVWEIWGALLHGGRLLIVPQLVSRSPQDCYALLCNAGVTVLNQTPSAFRQLLNAQGESDQRHSLRQVIFGGEALDTGMLKPWYARVINAGTQLVNMYGITETTVHVTYKGVMNEHLGVVNRLLWARDAYQVNSQDRVLQKTPFGFDVSVWEFFLPLLTGAELVMARPGGHQDPDYLAQVMSDAGITLLHFVPSMLDVFLEHRSTRDFPQLRRVLCSGEALPRALQRRFEQQLKGVELHNLYGPTEAAIDVTAKGVMIEHRNTVNFLTWAHSAFDASALEKTLFSTSLNFDLAVYECFAPLTSGGSIEVVKNVLELQHGEHDIGLINTVPSALKALLDVDGLPRSVHTVNVAGEALKQSLVESLFENTGVQRLCNLYGPSETTTYSSWKGVMVEHRNVARLFSATEEWFGFNQQDVWALFHSFAFDFSVWEIWGALLHGGRLLIVPQLVSRSPEDFYNLLCSAGVTVLNQTPSAFRQLIAAQAENTQAHSLRQVIFGGEALETAMLKPWYARQANAGTQLVNMYGITETTVHVTYKGVMIEHRNTVNFLTWAHTAFDASALEKTLFSTSLNFDLAVYECFAPLTSGGSIEVVKNVLELQHGEHDIGLINTVPSALKALLEVNGLPESVHTVNVAGEALKQSLVESLFENTGVQRLCNLYGPSETTTYSSWKGVMIEHRNTVNFLTWAHTAFDGSALEKTLFSTSLNFDLAVYECFAPLTSGGSIEVVKNVLELQHGEHDIGLINTVPSALKALLEVNGLPESVHTVNVAGEALKQSLVESLFENTGVQRLCNLYGPSETTTYSSWKGVLVPHRAISRLAINNGYADFNAQDRVAFASNPAFDASTLDVWAPLLNGGCVVVIGQHDLLSPLNFQRLLLEQSVSVLWMTAGLFHQYASGLGEAFSRLRYLIVGGDVLDPAVIGRVLANNPPQHLLNGYGPTEATTFSATKGVLVPHRAISRLVINNGYADFNAQDRVAFASNPAFDASTLDVWAPLLNGGCVVVIGQHDLLSPLNFQRLLLEQSVTVLWMTAGLFHQYASGLGEAFSRLRYLIVGGDVLDPAVIARVLANNAPQHLLNGYGPTEATTFSATKGVMVEHRNVARLFSATEDWFGFNEQDVWALFHSFAFDFSVWEIWGALLHGGRLLIVPQLVSRSPEDFYTLLCSTAVTVLNQTPSAFRQLITAQGENQQAHSLRQVIFGGEALETAMLKPWYARNVNAATQLVNMYGITETTVHVTYKGVMIEHRNTVNFLTWAHHAFNGSALEKTLFSTSLNFDLAVYECFAPLTSGGSINVVKNVLELQHGEHDIGLVNTVPSALKALLEINGLPESVHTVNVAGEALKRSLVENLFEKTGVQRLCNLYGPSETTTYSSWKATASTHRAVVSLVKGTDYIDIKGDDRFLFFAPLAFDASTFEIWGALLNGAQLVVQPGEAGGLDDLAHTLENQQVSVLWLTSALFQEMVDQYPQAMAGVRHVLTGGDVVSPQSMRSLLARSTGTLTICYGPTEGTVFTTAKLIPRTHDDYLYSVRESAKICELNQTSRLLMVLPaAHNFSMSSAGSLGIFYAGGAVVLGTDPSPETAFPLIKKHGVTDACLVPALVRPWMDKAAKDQDSILSTLRCLQVGGARLPDAAALRLIDEFKVSLQQVFGMAEGLVNYTRKGVMVEHHTLSNLVDWHCTAFDLCAGRHTSSLAGFGFDAMAWEVWPALCAGATLHLAPTHEGGEDIDALLAWWCAQPLDVSFLPTPVAEYAFSQNLEHPTLRTLLIGGDRLRQFNRNQHFDVINNYGPTEATVVATSKGVINEHSGVVNRLLWMQDAYQLTSSDTVLQKTPFSFDVSVWEFFWSLMTGARLVMARPEGHKDPLYLSEIIEREHITTLHFVPSMLDVFLAHADTARCASLRQVMCSGEALPGSVVRRFKQQLPGSQLHNLYGPTEAAVDVTAKGVMVPHRGIARLVLNNGYADFNRQDRVAFASNPAFDASTMDIWGPLLNGGRVVVIDHQTLLDPNAFGRELSASGATILFVTTALFNQYVQLIPQALKGLRMVLCGGERGDPTSFRRLRAEAPQLRIVHCYGPTETTTYATTKGVMVPHRAIGRLVLNNGYADFNAQDRVVFASNPAFDASTMDIWGPLLNGGRVVVIDHQTLLDPNAFGHELSASRATVLFVTTALFNQYVQLIPQALKGLRILLCGGERGDPAAFRRLLAEAPKLRIVHCYGPTETTTYATTKGVMIEHRSACNMVHWGSQISPPTEHGALLQKAPFSFDSSVWEIFWPLCSGMRLVLARPNGNRDSAYVVQTIREQQVTVVKFVPALLQQFIEQDGVEQCTSLTDVLNGGGELSAVLARQVRDRLPWVRLHNVYGPTETTVDSTGKGVMVEHRNVVRLFSATHDWFNFNPQDVWALFHSFAFDFSVWEIWGALAFGGQLLLVPQAVSRSPDDCYALLCRTGVTVLNQTPSAFRQLIAAQGRSPLQHSLREVIFGGEALEPGLLKPWYARVGNAGTRLVNMYGITETTVHVTYKGVMVEHATLENLVHWHAEAFDLQAGSQTASVAGFGFDAMAWEVWPALCVGATLHLPPPSIrNEHLDEMLDWWCAQPLQVSFLPTPVAEYAFSRQLQHPTLRTLLIGGDRLRQFSRQQTFEVINNYGPTEATVVATSKGVVVEHATLENLVHWHCEAFDLRAGSHTASVAGCGFDAMAWEVWPALCVGATLHLPPPSIsNEHLDELLDWWRAQPLQVSFLPTPIAEYAFSRELGHPTLRTLLIGGDKLRQFSRGQTFDVINNYGPTEATVVATSKGVINEHSGVVNRLLWMQDAYQLTSSDTVLQKTPFSFDVSVWEFFWPLMTGARLVMARPEGHKDPQYLSEIIEREQITTLHFVPSMLDVFLAHADTARCSSLRQVMCSGEALPGSVVRRFKQQLPASQLHNLYGPTEAAVDVTAKGVMVEHRTLCNLVDWHADVFDLHAGSHTSSLAGFGFDAMAWEVWPALCVGATLHLAPASEGSEDIDALLDWWRAQPLDVSFLPTPIAEYAFSRQLDHPTLRTLLIGGDRLRQFPRQPSFEVINNYGPTEATVVATSKGVMIEHRSACNMVHWGSQLSPPTGHGALLQKAPFSFDSSVWEIFWPLCSGMRLVLARPDGNRDSAYVVQTIREHQVTVVKFVPALLQQFIEQDGVEQCTSLTDVLNGGGELSAALARQVRDRLPWVRLHNVYGPTETTVDSTGKGVVISHGALANYVQGVLARLSLNDGASMAMVSTVAADLGHTLLFGALASGRPLHLLSHEQAFDPDGFARYMAEHQVEVLKIVPSHLQGLLQAAHPADVLPSQLLMLGGEASSWALIEQVRALKPGCRIVNHYGPTETTVGILTKGAGNSHRALVNRLHWMQKAYALDGSDTVLQKTPFSFDVSVWEFFWPLLTGARLAVALPGDHRDPERLVQTIQEHQIRTLHFVPSMLQAFLTHPQVESCNSLRRVVCSGEALPAELAGQVLKRLPQASLYNLYGPTEAAIDVTHKGTLLAHHNLMRLFAATDDWFKFNEKDVWTLFHSFAFDFSVWEIFGALLHGGRLVIVPREVTRSPEEFHALLVDQQVTVLNQTPSAFKQLMRVACDSPVPMSLQKVIFGGEALDVASLKPWFARFGDQMPRLINMYGITETTVHVTYKGAGNSHRALVNRLHWMQKAYALDDSDTVLQKTPFSFDVSVWEFFWPLLTGARLAVALPGDHRDPERLVQTIRQHEVTTLHFVPSMLQAFMTHPQVESCNSLSRVMCSGEALPAELVGQVLKRLPQVGLFNLYGPTEAAIDVTHKGTLLAHHNLMRLFAATDDWFKFNEKDVWTLFHSFAFDFSVWEIFGALLHGGRLVIVPcEVTRSPEEFHALLVDQQVTVLNQTPSAFKQLMRVACDSTSVLSLETIIFGGEALDVASLKPWFARFGDQTPRLINMYGITETTVHVTYKGVQISHDNLVSYVDWMLSDDFGLPDQPNSLSQPPYSFDLSVMDVYPTLALGGTLYALPKAVTDDFKQLFAALPTLPINVWVSTPSFMDICLLEPKFNAENLPTLTHFLFCGEELTHKTAATLKKRFPDARIFNTYGPTETCVAVTQKGVVVEHRALSAFVRHCRSSQAPDISGLSVMQASASFDQSVGSLHAPLISGGCVRLTDLRALAETAGSepgfHRATFMKGTPSHLALLATMPPEVAPSGTLTLGGEELRGEILAPWREAAGDVTVVNVYGPTEATGHCLEKGVTVTHSGLPALLDIFTSQLDVVPGSRVLHHLSPAFDGGFWELAMGLLTGAALVVVEPGTVPGPALAALAVRHRVTHAAITPAVLQLIPEGALPAGTTLVVAAETCPPELVARWSAGRLMRNSYGPTETTVCATMKLIPRTHDEYIYSLRKSVEICRISQDTNFLAVLPvAHNFTMSSPGVFGVIYAGGKIILSKYPSPDVAFPLIEKEKVDFTSLVPPLAIVWLQAQKRTKADLRSLEVIQVGGAKCSVEVAKQIGPAFHCKLQQVFGMAEGLVNYTRKAVVVTHQAAMNTIDEINRRYVDDGKIILFALsALNFDLSVYDIFGPLSVGGSLVLPNAGDEKEAKQWLSALHQHQVTHWNSVPALFEMLLIAAEQGTQALPRSLQQVLLSGDWIGLDLLPRLRALGSQARFTTLGGATEAAIWSNAKLIPRTHNDYYYSVRRSVEICQFTQQTRYLCAIPaAHNYAMSSPGSLGVFLAGGTVVLAADPSATFCFPLIEKHQVNVTALVPPAVSLWLQALAGGESRAQLASLKLLQVGGARLSATLAARIPAEIGCQLQQVFGMAEGLVNYTRKGVMVGQQAIVNRLLWMQNHYPLTGEDVVAQKTPCSFDVSVWEFFWPFIAGAKLVMAEPEAHRDPLAMQHFFADYGVTTTHFVPSMLAAFVASLTPQTARQSCATLKQVFCSGEALPADLCREWQQLTGAPLHNLYGPTEAAVDVSWKLIPRTHNDYDYSVRASAEICALTPQTRFLCALPtAHNYPMSSPGALGVFHAGGCVVMASNPEPLNCFSIIERHGVNMVALVPPAVALWLQATPDHLAALSSLKLVQVGGASFAEALARQVPQVLGCKLQQVFGMAEGLVNYTRKGVMNLHQGICNNILRTKDSYPTTNRDRLLQISSLAFDASVLDIFWSLSSGMALIIPKPEGTKDLAYLIQLMIEKKVSQVFFVPSLLRLLLQQPNLENCRYLKRVFCGGEALSSELMQQFFQHFNCELHNLYGPTETSVDATCKLIPRTHDDYIYSLKRSVEVCWLDHSTVYLAALPmAHNYPLSSPGVLGVLYAGGRVVLSPSPSPEIAFPLIEREKVTITALVPPLAMVWMDAASSRRDDLSSLQVLQVGGAKFSAEAARRVKAVFGCTLQQVFGMAEGLVNYTRKGVMVAHIGLHNLLKVQIQAFKVSSNSRVLQFASLSFDASIWEIVMALGSGASLYLESRENLLPGASLSKWLNEKKITHLTLPPSALAVMQKEELPSLQTIVVAGEACPAEVISQWSQGRQFVNAYGPTESTVCATMKGVMIDHRGAVNTIQDINQRFDVQPTDRMLAVSALNFDLSVYDIFGLLAAGGTLVMPTPEAAKDPVHWVELMTTHQVTLWNTVPALMQMLVEYLSEHPDQVTEDLRLALLSGDWIPLNLPTQIQSLWPQGQVVSLGGATEASIWSVYKGVMLSHRNILSESAGTIQMNHFDSEAVTLNWMPlDHVGGIIMLNVMAVELGCQQVHAPTKYILQNPLHWLALIERHQATISWGPNFAYSLINDLVQDAEAGSWDLSSISFLVNGGEQISPKVARRFLKLMKRqgLAETVLRPAFGMSETSGGITWKGVLIKHGSVIDFFEGTREFYDVDEDSRCVSFSPFHFDASVIDILFPLYQGAWLYLYSDVVLHELLFEVIKNNSVTHFAAFGSMLGLIAQTKEFDDVILKDLKTILTGADVPDIKVIQKWLGKGENIKIINGYGPTEGTCACAAKGVAVAHRPVLNLINWCRRTFGFGPGDMGLCVTSLGFDLSVFDVFGLLGTGAALYIADAEQQRDPALLLDVLIEEPVTFWNSAPTTLAQvgpLLDTVGTAGTGDLRLVFLSGDFTPLPLPDEVRAVFPRADMISLGGATEATVWSNWKGVVNSHSSFLAAMPVYLKALELDNNSRVFQFASYAFDVTIFDALMTLVAGGCVCVLSNADRSSDLTSAIQHFGTTHLSVTPTVARILDPQDFPSLKTIVLGGELSASDELLKWVNNVRVIRLYGASECTVMSIQKGVQISHDNLLSFTNWMIEDAAFDVPKQPQMLAQPPYSFDLSVMYWAPTLALGGTLFALPKELVADFKQLFTTIAQLPVGIWTSTPSFADMAMLSDDFCQAKMPALTHFYFDGEELTVSTARKLFERFPSAKIINAYGPTEATVALSAKGVAVPHRSVAELAGNPGWAVKPGDAILMHAPHAFDASLFEIWVPLVSGARVVIAEPGAVDARRLREAIAAGVTKVHLTAGSFRALAEESSESFAGLQEVLTGGDVVPAHAVEKVRKAVPQARIRHLYGPTETTLCATWKGVVVTHAGLGNLAAAQIDRFAVSPSSRVLQFAALGFDATVSEALMALLSGATLVMAPKQDLPPRVSLAEALERWDVTHVTVPPSVLATADVLPESLETVVVAGEACPPGLADRWSEGRRLINAYGPTEATVCAAMKGVAVAHGGVAALAGDPGWGVGAGDTVLMHAPHTFDASLYDLWVPLVSGARVLLAEPGVVDAERLAAHVAEGLTSVNFTAGQFRALVQESPESFSGLRDVLAGGDVVPLGEVERVRRACPELVVWHTYGPTETTLCATWKGVAVSHGNVAALVGEPRWEIGPGDTVLTHASHAFDISLFEIWVPLLSGARMMIAEPGAVDGEALARYVAAGVTAAHLTAGAFRVLAEESPESVAGLREVLTGGDEVPPAAVRRVRRACPDIRVRHLYGPTETTLCATWKGIVVPHGSVAALAGDPGWALDADDCVLMHASHAFDASLFEIWAPLVRGARVMVAEPGAVDTQRLREAVARGVTTVHLTAGSFRVLAEESPGSFDGLREILTGGDVVPLASVAQLRRACPDVRVRHLYGPTETTLCGTWKGVQVTHAGLGNLAGAQIERFGVTSSSRVLQFASLGFDAAISELCMALLSGGTVVLADPDSMPPRVSLGDAVRRWRITHVTVPPSVLAVEEDLPDSLETLVVAGEACPPALVDRWSGDRRMINGYGPTETTVCVTMKGVAVTHGGVAGLAGDAGWRIGPDDGVLMHATHVFDASLYEMWVPLATGGRILLAEPGVVDADGVRRAVERGATALHLTAGTFRALAEASPECFTGLTEVGTGGDVVPAFAVENLRRAQPALRVRNTYGPTETTLCATWKGLVMQHQAVCTSQTAITKRLRMTSDVKMLQFASFVFDLSIGEIFGPWVVGGCICVPSEETRMNDLVNFINTMKINWAYLTPSFARTLNPVDVPGLELLLFAGEAVRRDVFEAWFGRLRLINGWGPAETCVFSTLKGIVMQHGALCTNQAALSGWLGFDHTVRMLQFSSFVFDVSVGEIVQALMNGACVCVPSEHMRLNSLDSFVRDFNVTWAYLTPSFTRTLKPKDFPSLKLLLLAGEPTTQDVLDTWFGLPNTRFINAWGPAETCVYNTLKGVVIQHRSLCTNMNAIAKRVRYHLDVRILQFSAYVFDFSILEIIMSLLQGACVCVPSEHIRMNGIVDFIRDMNINWLYLTPSFLRTINPIDVPNVELVFAGGEAIPRDVFETWVGRVRFINGWGPTETTVVGSIKGLVMQHGAVCTSQTAIAKRLSLTPDVRILQFAAYVFDLSIGEIVAPLIHGACVCVPSEETRMNGLKEFIRDARINWAYLTPSFVRTLRPEDVPSLQLLLLAGEAVGRDILDTWFGKVRLINGWGPAETCVFSTLKGMVIQHNSLCSSGNAYGCDLEIGPGTRIFQFSAYTFDVGVLDCLVSLMRGATICIPSDHARLNDLAGAMNVTKANWVFLTPTVADLLSPADVPYLKTLCLGGEAISKKCADRWVNCTNLHGLYGPAEASICAWNKGVVIEHGALCSSQTSYVRRLGHAPGVRMLQFSSFVFDASIAEIFAPLISGACVCIPSwETQMNSLTGYICKENVTWALLTPSFARTMDPLEVPCLEILILGGEAVSRDVFELWFGKVRLFNAWGPTESCVFGSLKGLVMQHGSVCTSQTAIVKRLGLTPSVRMLQFAAFVFDLSIGEIIAPLITGACLCIPSEHTRMNSLTQFIRDMEINWAFLTPSFIRTINPVEVPGLDLVLLAGEAVPRDVLTTWFGQVRLINGWGPAETCVFSTLKGLVMTHGGISTSQMAIKRKWGINSSNRTLQFVPNVFDLCLGESILQLISGACIFIPSEYTRMNGLKDFITEHKINTLFLTPSFVRTLSPDQLPSVTLLLLAGEAVPRDILTTWFGKVRLWNGWGPAETCLFSSLKGVVMQHGSFSSTTIGYGKVYNLSPLSRIFQFSNYIFDGSLGEIFGPLAFGGTICIPSDDERLQCAPDFMHRAKVNTAMLTPSFVRTFTPDKVPHLKTLVLGGEAASKSTLEMWVDRVTLFNGYGPAEACNYATTKGVIIDHKGVATVLLRQREDFSINGDSRMLQFSNYVFDACIIEIFTTLIAGATVCVPTEHQRVHNTAAFIREARINHAILTPTFTKTLSPEQIPGMKAIILVGEAPTKEIIDIWVDKVELHNGYGPAEACVTSTNKGLVMEHVSVCTSQTAISQRLELTTDVRMLQFSAFVFDISVGEIVATLISGASLYIPDENTRLNNLPNFIQNNNINCAMLTSSFLRTIKPADVPALELLVFVGEAPARDVFETWFGKVRLINGWGPAETCVLSTIKGIVMEHGSLCTSQRDIAKRLGLKSNVRMLQFSSFVFDVSVGEIMLSLMHGACVCIPSDHDRLNNLGGFIRDAEVTWAFLTPSFARTLCPQDVPNLELIVLAGEPVSQDVFDLWFGKTRLVNGWGPAETCVLSAIKGVVIEHRSVCTSQTAMIKRLRVTSDVRMLQFASFVFDMSVGEVIPTLFSGGCVFVPSEDIRMGNIAQYIRDQRINWAFFTPSFLRTLAPKDIPNLEVLLIGGEAIPKEILNTWFGRVRLINGWGPVETCVCSSWKGFVIEHKAVCTSQTAITNRLGLHRGVRMLQFASYVFDLSVGEICCTLICGACLVIPSDEVRLNNLAKFMREKDINWAWFTPSFIRTLEPADVPKLELVLLCGEASDKKILEIWVGKVQLFNGWGPAETCVFSSLKGVLMEHSAFATSTLGHGGIYNLSPASRVFQFSNYIFDGSLGEIFTTLSFGGTVCVPSEDERLQKAPSFMREARVNTAMLTPSFVRTFAPEQVPSLRLLVLGGEPSSKDLLETWCGRLRLVNGYGPAEACNYATTKGLVMEHRSVCTSLTAITKRLKIRPSARTLQFAAHVFDCAVGEIISSLFTGGCLFVPSDHDRMNALPEFIRQNKINYMWSTPSFIRTLSPMDVPSLELVVLVGEAVTRDIMDTWFGKVRLINGWGPAETCVVSTIKGVVIEHGSLCTSQISLSKALDFNEEFRVLQFSSYSFDIILFEIGSTFLTGACLFVPSwDEQMNELVEYIRKHQLTFMVLTPTLARTIRPEDVPSVDMLVVAGEAPTRDILDIWFGKLRLANGWGPTECSVIACLKGLIMEHGSVCTSQVAIAKRLGLNSKVRILQFAAFVFDLSIGEIVGPLISGACICVPSEHIRKNSIANFINRQGITWTYLTPSFVRTIKASEVPNVKLLLLAGEAVPRDIFATWFGKLRLINGWGPAETCCFSTLKGVQISHDNLLSFTNWMIEDAAFDVPKQPQMLAQPPYSFDLSVMYWAPTLALGGTLFALPKELVADFKQLFTTIAQLPVGIWTSTPSFADMAMLSDDFCQAKMPALTHFYFDGEELTVSTARKLFERFPSAKIINAYGPTEATVALSAKGVEVSHRNLANFLHAMEQELALRPRDRVLAVTTITFDIAGLELYLPLLTGARVVIAPAGITHDPRSLSRLIANEQISVVQATPSLWRILLANQELALDRVHALVGGEALVPELAAQLLSRVGRLTQLYGPTETTIWSTIKGVEISHRNLFNFLHAMEHELALRPRDRVLAVTTITFDIAGLELYLPLLVGARVVIAPAGISHDPRGLSRLIADEHISVVQATPSLWRILLANEDLVLDRIHALIGGEALVPELATQLLSRVGRLTQLYGPTETTIWSTIKGVMNIHRGICNTLTYAIGHYNINSEDRILQITSLSFDVSVWEVFLSLISGASLVVAKPDGYKDIDYLIDLIVQEQVTCFTCVPSILRVFLQHPKSKDCHCLKRVIVGGEALSYELNQRFFQQLNCELYNAYGPTEVAVETTIKAVVVPHRAPAAVVPPLRALYGIGDGESVLHFHGVGGDTSLEEILPTLTGGGTLVLDDGAREGFARVAEEQQVSVAVLPTGFWDSLTGDLLHNGARLPASLRTVVIGGEAVRADMLERWHRVRGAEDVRLLNTYGSTETALVTHAKGVQISHDNLLSFTNWMISDDEFSVPERPQMLAQPPYSFDLSVMYWAPTLAMGGTLFALPKTVVNDFKKLFATINELPVQVWTSTPSFADMALLSNDFNSETLPQLTHFYFDGEELTVKTAQKLRQRFPKARIVNAYGPTEATVALSAKLIPRTHNDYYYSVRRSVEICQFTQQTRYLCAIPaAHNYAMSSPGSLGVFLAGGTVVLAADPSATLCFPLIEKHQINVTALVPPAVSLWLQALTEGESRAQLASLKLLQVGGARLSATLAARIPAEIGCQLQQVFGMAEGLVNYTRKGVMVGQTAIVNRLLWMQNHYPLTGEDVVAQKTPCSFDVSVWEFFWPFIAGAKLVMAEPEAHRDPLAMQQFFAEYGVTTTHFVPSMLAAFVASLTPQTARQNCATLKQVFCSGEALPADLCREWQQLTGAPLHNLYGPTEAAVDVSWKGVQISQNNLVSFSNWILQDFSLSQGLRFLNQAPFSFDLSVMDLYPSLLSGGTLVPLDKTITANMKDLYREIPAQNLDVWVSTPSFADLCLLDENFNQENNPRLTRFLFCGEVLAKKTASELLDRFPDAVIYNTYGPTEATVAVTQKLIPRTHNDYYYSVRRSNEICGFNEETRFLCAIPaAHNYAMSSPGALGVFLAKGTVVLATDPGATLCFPLIEKHQINATALVPPAVSLWLQAIQEWGGNAPLASLRLLQVGGARLSATLAARIPAEIGCQLQQVFGMAEGLVNYTRKGVMVGQTAIVNRLLWMQDHYPLTADDVVAQKTPCSFDVSVWEFFWPFIAGAKLVMAEPEAHRDPLAMQRFFAQYGVTTTHFVPSMLAAFIASLTPASAGKSCASLKRVFCSGEALPTALCREWETLTNAPLHNLYGPTEAAVDVSWKGVVISHRGALNTCCDINTRYQVGPHDRVLALSALHFDLSVYDIFGVLRAGGALVMVMENQRRDPHAWCELIQRHQVTLWNSVPALFDMLLTWCEGFADATPENLRAVMLSGDWIGLDLPARYRAFRPQGQFIAMGGATEASIWSNAKLIPRTHNDYYYSVRRSNEICGFNEDTRFLCAIPaAHNYAMSSPGALGVFLAKGTVVLATDPSATLCFPLIEKHQINATALVPPAVSLWLQAIQEWGGNAPLASLRLLQVGGARLSATLAARIPAEIGCQLQQVFGMAEGLVNYTRKGVMVGQTAIVNRLLWMQDHYPLTADDVVAQKTPCSFDVSVWEFFWPFIAGAKLVMAEPEAHRDPLAMQRFFAQYGVTTTHFVPSMLAAFIASLTPASAGKSCASLKRVFCSGEALPTALCREWETLTNAPLHNLYGPTEAAVDVSWKGVQISQNNLVSFSNWILQDFSLRQGLRFLNQAPFSFDLSVMDLYPSLLSGGTLVPLDKTITANMKDLYREIPAQNFDVWVSTPSFADLCLLDDNFNQENNPNLTRFLFCGEVLAKKTASELLDRFPDAVIYNTYGPTEATVAVTQKGVVVTHRGIPNLAADYVHRQNLLPDSRLLAFASPSFDAAVAEFWPIWLAGACLVLAPAPDLIPGEPLARLVRDRHITHVTLPPSALAPLEEAGGLPPGLTLLVAGEAGPAPVAKRWAAGRVMINAYGPTEATVAVTAKGVAIPHGAVAGLAGDAGWQIGPGDGVLMHATHVFDPSLYAMWVPLVSGARVLLTEPGVLDAAGVRQAVHRGATFVHLTAGTFRALAETAPECFEGLVEIGTGGDVVPLQSVENLRRAQPGLRVRNTYGPTETTLCATWKGVAVSHGNVAALAGEPGWRVGPGDAVLLHASHAFDISLFEMWVPLLSGARVVLAGPGAVDGAALAAYVAGGVTAAHLTAGAFRVLADESPEAVAGLREVLTGGDAVPLAAVERVRGRVRNVRVRHLYGPTEATLCATWKAVAVPHGSVAALASDPGWSQGPGDCVLLHASHAFDASLVEIWVPLVSGARVLVAEPGTVDAERLREAVSRGVTTVHLTAGAFRAVAEESPDSFIGLREILTGGDAVPLASVVRMRQACPDVRVRQLYGPTEITLCATWKGVLVTHSGLANLGYAHIERMAVTSSSRVLQLSATGFDAIVSELYMALLAGATLVLPDAASMPPRVTLGEAIRRAGITHLTVSPSVLASEDDLPDTLRTVLTGGEALPPALVDRWSPGRRVIQAYGPTETTICSTMKGVTISQGCVAELTMDAGWAMEPGEAVLMHSPHAFDASLFELWMPLASGVRVVLAEPGSVDARRLREAAAAGVTRVYLTAGSLRAVAEEAPESFAEFREVLTGGDVVPAHAVERVRTAAPRARFRNMYGPTEATMCATWKGVVVTHAGLGNLALAHIDRFGVSPSSRVLQFAALGFDTIVSEVMMALLSGATLVVPPERDLPPRASFTDALERWDITHVKAPPSVLGTADVLPSTVETVVAAGELCPPGLVDRLSADRRMINAYGPTETTICATMKAVVVTHRNLTNYLLHCGRMYPGLRGRSVLHSSIAFDLTVTATFTPLIVGGEIHVGALEDLIGVVEAAPSIFLKATPSHLLTLDTASRGSAGSGDLLLGGEQLPADTVVQWRRKYPNIVVVNEYGPTEATVGCVEKGVAIEHQGLTNYIWWARRVYVKGEKTNFPLYSSIAFDLTITSVFTPLITGNAIIVYGGENSTALLDSIIQDSRADIIKLTPAHLQLLKEINIPAECTIRKFIVGGDNLSTRLARSISGKFGGKIEIFNEYGPTETVVGCMIKGVMVEHRSVINRLVWMQEHYPLDKQDVILQKTPITFDVSVWELFWWSMTGSKAVLLSNGGEKNPDVILDTIAQKNVTIMHFVPAMLHAFLESMEQKSDEELKRKLASLKYVFASGEALTPAHVAGFHRMITPagEAQIINLYGPTEATIDVSYKGVMVEHGGIVNSLQWKKAFFRHSPADRVLVLYPYVFDAFILNFFGPLISGATLHLLPNKENKETFAIQNAIKQERITHFSTSPRLLKTMIEQMNREDFIHVQHVVVGGEQLEADTVEKLHSLQPRIRINNEYGPTENSVVSTFKGVLIEHGGLTNYIWWAKEVYVKGEKANFPLYSSISFDLTVTSIFTPLVTGNAIIVYDGEDKTALLESIVRDPRVDIIKLTPAHLQVLKEMNIADQMAVRRMIVGGENLSTRLARSIHEQFEGRIEICNEYGPTETVVGCMIKGTLIEHRQVIHLIEGLSRQVYSAYDAELNIAMLAPYYFDASVQQMYASLLSGHTLFIVPKEIVSDGAALCRYYRQHSIDITDGTPAHLKLLIAAGDLQGVTLQHLLIGGEALSKTTVNKLKQLFGEhGAAPGITNVYGPTETCVDASLKGVQLEHKTMTNLLAYEQDHTQLRFDRVLQFAAMSFDVCYQEMFSALSSGGTLFIIGNEAKRDIRQLNDFVRTHGIQTAFLPTAFLKLLASEKHYFEPFAECVDHIIAAGEQLIATRMLRDMLARHQVTLHNHYGPSETHVVTMYKGVLIEHQGLADYIWWAKEVYVRGEKTNFPLYSSISFDLTVTSIFTPLVTGNTIIVFDGEDKSAVLSEIMRDSRIDMIKLTPAHLHVIKEMNIAGDTAIRKMIVGGENLSTRLAKSVSEQFKGRLDIFNEYGPTEAVVGCMIKGVMNIHRGICNTLTYAIGHYNITSEDRILQITSLSFDVSVWEVFSSLISGASLVVAKPDGYKDIDYLIDLIVQEQVTCFTCVPSILRVFLQHPKSKDCHCLKRVIVGGEALSYELNQRFFQQLNCELYNAYGPTEVAVETTIKGVAVPHDAVAALAGDPGWGVHAQDAVLLHAPHAFDASLFEIWVPLVSGARVVVAEPGVVDALRIREEVAAGVTALHLTAGTFRVLAEEEPECFAGLREVLTGGDVVPPQAVERVRQVCPELRIRHLYGPTETTLCATWKGVAVPHGSVAALVGEPGWAVGPGDSVLFHAPHAFDISLFEVWVPLASGARVEVAEPSVVVDAAAVREYIAGGVTHVHVTAGLFRVLAEESPECFTGAREVLTGGDVVPARAVQRVRSACPEVRVRHLYGPTEVSLCATWKGVAVPHGSVAALVGETGWGLGPGDSVLFHAPHAFDISLFEVWVPLASGARVVIAEPGVAVDAAAVRRHIAAGVTHVHVTAGLFRVLADEEPECFNGAHEVLTGGDVVPLEAVARVRAACPEVRVRHLYGPTEVSLCATWKGVVVPHAGLGNLAAAQIDRFAVGPDARVLQLASLGFDAAVSELLMALLSGAAAIVAPAETLPPLVSLTEALRHWDVTHVTVPPSALATADELPDGLRTLVVAGEACPPALADRWAGGRRMINAYGPTETTVCASMKGVAVPHASVAALVGEPGWGVGPGDAVLFHAPHAFDISLFEVWVPLASGGRIVVAEPSMAVDGAAVRRHIADGVTHVHVTAGLFRVLAEEASDCFDGVHEVLTGGDVVPLEAVERVRAACPDVRVRHLYGPTEVSLCATWKGVAVPHGSVAALVGESGWGLGPGDSVLFHAPHAFDISLFEVWVPLASGARVVIAEPGVAVDAAAVRRHIAAGVTHVHVTAGLFRVLAEEAPDCFTGAREVLTGGDVVPLEAVERVRAACPDVRVRHLYGPTESTLCATWKGAAVTWGGLRNLVADRIERYGIGTDTRLVQLVSPSFDVSMADIWPTLCAGGRLVLAPPGGHTTGDELGDLLADHRITHAVMPAVQLTHLPDRELPALRVLVSGGDALPADTRRRWVARCDLHNEYGVTEATVVSTVKGVQISHDNLLSFTNWMIEDAAFDVPKQPQMLAQPPYSFDLSVMYWAPTLALGGTLFALPKELVADFKQLFTTIAQLPVGIWTSTPSFADMAMLSDDFCQAKMPALTHFYFDGEELTVSTARKLFERFPSAKIINAYGPTEATVALSAKGIYKEHTSVVNSITDLSARYGVSGSDDEVILLFSAYVFEPFVRQMLMALTTGNTLAIINDEDKFDPDILLPFIRRHKVTYLNGTASVVQEYDLTTCPSLKRLVLVGENLTEARYKALRRRFKARILSEYGFTESAFVTALKGVMVEHHGVVNLAFSLAQIFGLRDTDDEVILSFSNYIFDHFVEQMTDALLNGQTLVVLNDEMRGDKERLYKYIEDNKVTYLSGTPSVISMYEFDRFHSHMRRIDCVGEAFSEPVFDKIRETFPGLVINGYGPTEVSITTSKKGVLVEHSSVAKLRDSLVGRYFGDTNGSHAVLFLSNYVFDFSLEQLCLSIFSGNKLVIPPEEGLTHEFFYAVAEAEKLSYISGTPSTLQQIQLSRLNHLQMVTAAGEEFHSSHYDSMRGQFKGPINNAYGITETSVYNIVKGVEVSHDNLVTFTNWMNNDFMKIENNQILSQALYSFDLSIFSLYPSLTTGGTLISLSRDETTNFKLLFERLNKTVINTWISTPSFVDICLLDPSFTEKEHPQLVQFILCGEELTKKTAEKLLTAFPSANIYNTYGPTEATGAISSKLIPRTHNDYDYSVRASAEICALTPQTRFLCALPtAHNYPMSSPARSAFSMRAAVSHGPNPEPLNCFFIIERHGVNMVALVPPAVALWSQAAPDHWQALSSLKLVQVGGASFAEALARQVPQVLGCKLQQVFGMAEGLVNYTRPVSHRAITTAALEIDRAFRVGPGDRLLALAPADSPLALYELFGPLLAGAALVLTRDIDLRDPGALHEALRTHGVTLWHSPPALLGLLLDHLADRGGKLPESLRLVLLGGERLDPALVRRVRESAPHQPAVAHLSSATPSGPWTTCKGVLGTHRGAVNRVDWMSTAYPFRTGDVAVARTAPGFVDAVWELFGPLAAGVPLVLLPTDEARDPALLTAALERHRVSRMVTVPSLLTMLLDESARATDLGTRLACLRTWITSGEPLPPALARRFHDRLPGRTLLNLYGSSETAADATAKGVMIDHLGAANTLECVNRRFGTGPGDAVLAVSSPSFDLAVYDLFGVLAAGGTVVVPAHDRRRDPGHWAELIRRERVTLWNSVPALGTLLTEYAEALAPDALRTLRAVLLSGDWIPLGLPDRIRALSAPGATVMSLGGATEASIWSVWKGVLVPHRAIVNRLLWMQETYRLRPGERVLHKTPVTFDVSMWELLWPLTAGATVVMARPGTHRDPARLVRRIAREAVTTVHFVPSMLTPFLTELARGTTRLPALRRVVCSGEELPAAAVNRAAGLLDARLYNLYGPTEAAVDVTAKTIGVPQRALAGYLRWAIGHYRLDEETVSPVHSSLGFDLTVTALLAPLAAGGQARLTDSGDPGALGAALAAGHHTLLKITPAHLAALAHQLGAPTALRTVVAGGEPLHAGHVRALRAFAPGARLVNEYGPTETTVGCCAKGVLVTHANVTGLLAACREALPALDAPRTWSATHSPAFDFSVWEVWGPLTAGGRLVLVPPDVARAPDELWDTLRDEQVEVLSQTPSAFHHLLPTAVRRAAQATALELVVLGGEACEPARLTPWWDALGDRRPAVVNMYGITENTIHVTVKAVALQHDSAAAFLRWAGRAFDGGELAAVLATTSAGFDLSVFELFAPLAHGGTVVLADSALHVPALPWAPAATLLNTVPSAAAALLDADGLPDGLTAVNLAGEPLTAELVARLHARLPKAAVRNLYGPSEATTYATAGVRVPHRGLTNYLTWCTGAYGLDGGTGTLVHTSISFDLTLTTLFGPLLAGGQVVMLSETAGVTGLIAALRSRRDLTLVKLTPTHLDVVNQLLTPDELRGAVRTLVVGGEAVRAESLEPFRASGTRVVNEYGPSETVVGSVAKCVVVNNQATSNVIGQTGQAWHLTSEDVVMSVTPLHHDMSVFDLFATLSFGATLVLPAGHEEKDALQWNRLIERHQVTIWVSVPAILEMLLSCTQAGQLHSLRLIAQGGDYIKPATIAQLRAGSNPPRLISLGGPTETTIWSIWKLIPRTHNDYAYSVTASVEICRFDQHTRYLCVLPaAHNFPLSSPGALGVFWAGGCVVLSQDASPQHAFKLIEQHKITVTALVPPLALLWMDHAEKSTYDLSSLHFVQVGGAKFSEAAARRLPKALGCQLQQVFGMAEGLVNYTRKGVMVEHRNVARLFSATQDWFGFNEQDVWALFHSFAFDFSVWEIWGALLHGGRLLIVPQLVSRSPEDFYNLLCSAGVTVLNQTPSAFRQLIAAQDDKEQVHSLRQVIFGGEALETAMLKPWYARKVNASTQLVNMYGITETTVHVTYKGVAMPHAPLVNLMQWQIAQSVEDSRPRQRTLQFAALGFDVAFQEIFSTLCAGGELSLIHADTRLNFRRLFEHICEQRIERLYMPCIALQALAEAVVTEPEQPECLLQDVITAGEQLRITEpMRQFFARLNDARLHNHYGPTESHVVTALKGVLVPHRAISRLVINNGYADFNAQDRVAFASNPAFDASTLDVWAPLLNGGCVVVIGQHDLLSPLNFQRLLLEQSVSVLWMTAGLFHQYATGLGEAFSRLRYLIVGGDVLDPAVIARVLANNAPQHLLNGYGPTEATTFSATKGVLVPHRAISRLVIDNGYADFNGQDRVAFASNPAFDASTLDVWAPLLNGGCVIVVEQSVLLSQEAFRALLLAQSISVLWLTAGLFHQYADGLMEVFAGLRYLIVGGDVLDPAVIARVLAQGAPQHLLNGYGPTEATTFSTTKGVMIEHRNTVNFLTWAHAAFDAGTNNSALEKTLFSTSLNFDLAVYECFAPLTSGGSIEVVRNVLELQHLDDDIRLINTVPSALKALLETDGLPKSVHTVNVAGEALKRSLVEALFEQTGVQRLCNLYGPSETTTYSSWKGVMLSHAAVSNTLLDINQRYGVDANDRVLGLAELSFDLSVYDFFGATAAGAQVVLPDPARGSDPSHWAELLERHAITLWNSVPAQGQMLIDYLESEPQRHLPGPRCVLWSGDWIPVSLPTRWWRRWPDSALFSLGGATEAAIWSIEKGVGNTHAALAERLQWMQATYTLDGDDVLMQKAPVSFDVSVWECFWPLVTGCRLVLAAPGEHRDPARLVELVRQFGVTTLHFVPPLLQLFIDEPGVAACGSLRRLFSGGEALPAELRNRVLQRLPAVALHNRYGPTETAINVTHKGTLLTHRNALRLFSATEAWFGFDERDVWTLFHSYAFDFSVWEIFGALLYGGCLVIVPQWVSRSPEDFYRLLCREGVTVLNQTPSAFKQLMAVACSADMATQQPALRYVIFGGEALDLQSLRPWFQRFGDRQPQLVNMYGITETTVHVTYKGTLLTHRNALRLFSATEAWFGFDERDVWTLFHSYAFDFSVWEIFGALLYGGRLVIVPQWVSRSPEDFYRLLCREGVTVLNQTPSAFKQLMAVACSADMATQQPALRYVIFGGEALDLQSLRPWFQRFGDRQPQLVNMYGITETTVHVTYKGVVVNHQAVNRLVKNTNYVQLTPDDRVAQAANIAFDAATFEIWGALLNGAKLVMITKSVLLSPQEFAANIRDREVSVLFLTTALFNQLASFVPQAFSSLRYLLFGGEAVDPQWVQEVLEKGAPKQLLHVYGPTENTTFSSWKGVLVNHSHVVRLFAATDSWYNFNSQDVWTMFHSYAFDFSVWEVWGALLYGGRLVVVGYLVTRSPKSFYELLCQEKVTILNQTPSAFRQLIPAEQSIATVGDLNLRLVIFGGETLELNSLQPWFDRHGDQSPQLVNMYGITETTVHVTYKGVMLSHSNLCNHMSWMQATFPLTEKDKVLQKTPFGFDASVWEFYAPLLAGGQLLIAKPGGHTDSAYLLRLIAQQQVTIVQLVPSLLQMLLEQGGIETCHSLKHVFCGGEVLPVALLEGLLSKLDVNLHNLYGPTETCIDATFKGVLVNHHHVTRLFAATNSWYKFNSQDVWTMFHSYAFDFSVWEIWGALLYGGRLVVVPYLLTRSPESFYKLLSQEQVTILNQTPSAFRQLIQAEQSIGMSNLNLRLVIFGGEALELESLQPWFERHGDQKPQLVNMYGITETTVHVTYKAVLMPGVSAVNLLLWQERTMGREPASRTVQFVTPTFDYSVQEIFSALLGGTLVIPPDEVRFDPPGLARWMDEQAITRIYAPTAVLRALIEHVDPHSDQLAALRHLCQGGEALILDARLRELCRHRPHLRVHNHYGPAESQLITGYKGVMVPHRAFGSLTRSAEQFAQTPDSRVLRFASPSFDVSLLELLMTFDAGATLVLEPRALLVPGEDLARLIRERPVSTVLLSPSALSTLTAGELPGLRTVVMAGEAATLELAQQWCDGRDVFNGYGPTEATVLATIKGVLNEHGPVCNRIRWGMPAFPPGPGTIVLQKTPIHFDVSVWEMFWTLATGATLVLARPDGHRDPQYLAGRLVEEGVTDVHFVPSMLAAFLDVGALPEGHSLRRVFCSGEALSPGLRDRLFARLPHVELHNLYGPTEAAIEVTHKGVGNTHGALAERLQCMQTTYQLDESDVLMQKAPISFDVSVWECFWPLITGCRLVLAGPGEHRDPHRIAQLVQEHGVTTLHFVPPLLQLFVDEPLAAKCTSLRRVFSGGKALPAELRNRVLAQWPAVQLHNRYGPTETAINVTHKGVVMPAGGLLNLLQWHHRAVGDEPGTRTAQFTAISFDVSAQEVLSSVAFGKTLVIPDEEVRRDAARFAGWLDDRQVDELFAPNLVLEALAEAAVETGRTLPQLRTVAQAGEALTLSRTVRAFHRSAPGRRLHNHYGPTETHVVTAHKGVVVPHSALVNFVTAMRRQAPLRPQERLLAVTTVAFDIAALELYHPLLSGAAVVLAPKEAVPQPSAVLDLIARHGVTTVQGTPSLWQLLVGHDAEALRGLRMLVGGEALPLSLAEALRALTDDLVNLYGPTETTIWSTAKGVIATHRNITALALDPRFDPTAHRRVLLHSPTAFDASTYEIWVPLLNGNTVVLAPTGDLDVHTYHRVITDQQITALWLTSWVFNLLTEQSPETFTRVRQIWTGGEAVSGATVTRLQQACPDTTVVDGYGPTETTTFATHKGVMVEHRSVINRLVWMQENYPLDERDAILQKTAITFDVSVWELFWWSIVGSKVVLLPNGGEKNPELILDTIEQKGVSTLHFVPAMLHAFLESMEQTPSGKLKRKLASLRYVFASGEALTPKHVDGFQRIITPvsHAQIINLYGPTEATIDVSYKGVLIEHQGLTNYIWWADRVYVKGEKTTFPLYSSIAFDLTVTSIFTPLISGNAIIVYGDKDRTTLLSSIIEDSRVDIIKLTPAHLQLLKEMNISPECTIRKMIVGGDNLSTRLAQNISEQFQDQIEIFNEYGPTETVVGCMIKGVMVEHGGIVNSLQWKKAFFKHSAEDRVLVLYPYVFDAFILNFFGPLISGAALYLLPNEDNKDLFAIQNVLKLERITHFSTSPRLLQAMTEQMNAEDFYHVQHVVVGGEKLEPDTVERLFSLQPQIRINNEYGPTENSVVSTFKGVLIEHRGLSNYIWWAKEVYVKNEKTNFPLYSSISFDLTVTSIFTPLVTGNTIIVYDGEDKTALLSSIVQDQRVDIIKLTPAHLHVLKAMNIANKIAIRKMIVGGENLSTQLAQSIHEQFDGQIEICNEYGPTETVVGCMLKGTLIEHRQVIHLIEGLRNAVYSAYDGVLHVAMLAPYYFDASVQQIYASLLLGHTLFIVPKEAVSDGEALCQYYRQHRIDVTDGTPAHLKLLVAADDGEGVPLRHLLIGGEALPKTTVTKFIHLFGAdRAAPAITNVYGPTETCVDASLKGVQLEHKTMLNLLAYEREYTQLRFDRVLQFAAMSFDVCYQEIFSTILSGGTLYIIDNEAKREIRELNEFVKTHRIQTAFLPTAFLKLLASEKQYFEPFAECVDHIITAGEQLIMTNTLREMMMRHQVSLHNHYGPSETHVVTMCKGVLIEHRGLANYIEWAKEVYVNDEKTNFPLYSSISFDLTVTSIFTPLVTGNTIIVFDGEDKSAVLSTIMQDPRIDIIKLTPAHLHVLKEMKIADGTTIRKMIVGGENLSTRLAQSVSEQFKGQLDIFNEYGPTEAVVGCMIKGVMVEHKGLCNLAQAQIQTFGLTSDSRVLQFASFSFDASISEILMALGSGATLYLGTKDSLLPGKPLIEQLSNHCITHITLPPSALAVMPGSELSALQTIIVAGEASSAELIRQWSAGRNFFNAYGPTEASVCATIKGVALNQLALCNLILWQLQNNTISTGAKTLQFAPISFDVSFQEIFTTWFSGGTLFLITEELRRDTSALLGFLQQKAIERLFVPFVALQQLAEVAIGGELVNSHLREIITAGEQLQMTpAISQWLSKLNDCTLHNHYGPSESHVIITFKGVLIAHQGLLNLVFWHQRTFKITTLDKATQLAGTAFDAAVWELWPYLTAGASIYLVKPEILLSPVDLQDWLESKKITISFLPTPMAEQLLSLEWPESTTLRTMLTGGDKLHRYPSGLLPFQVVNNYGPTENTVVSTSKGVQVSHNCVVNFLASMSHCPGLTDSDTFCAVTTISFDIAALELYLPLIVGAKVVVVGREVASDGARLLLELQHSSTTVMQATPATWQMLVASGLSTQQLGMKLLCGGEALPPQLAHQLLETGAQVWNLYGPTETTIWSSIKGVQLPHRGLSNYLHWAKDYYAVAQGQGTPVQSSLSFDATITSLYLPLICGRTTILVREKQELQLLADIVKQNnHLSLVKITPSHLEILNQQIEPDTMPNRVNAFVLGGEALHANQIIPWLTHAPDTRLINEYGPTEAVVGCCVKGVAVTHQAVNRLVLNTNYIQLTADECVAQAANIAFDAATFEIWGALLSGAKLVIITKSVLLLPEEFAVNIHKHKISVLFLTTALFNQLASVVPQAFSSLRYLLFGGEAVDPKWVLEVLDKGAPQHLLHVYGPTENTTFSSWKGAMNTHLGICNRLLWMQQAYQLTALDCILQKTPFSFDVSVWEFFWPLITGARLVVAKPGGHKDSAYLVNLILEQQVTHVHFVPSMLQVFLEEQNLENCRSLKRVICSGEALPVELQERFFARLECELHNLYGPTEAAIDVTYKGIAMNQLALSNLILWHRENLKIPRGAKTLQFASINFDVSFQEIFTTWCSGGTLFLIGEELRRDTSALLGFLQQKAIERMFLPFVALQQLAEVAIGGELVNSHLREIITAGEQLQiTPAISQWLSKLTDCTLHNHYGPSESHLATSFKGVLIAHQGLLNLVFWHQNTFKITTLDKATQLAGTAFDAAVWELWPYLTAGASIYLVKSEFLSSLVKLRDWLISKKITISFLPTPLAQELLSLEWPTESLALRTILTGGDKLHQYPSDLVPSQLVNNYGPTENTVVTTSKGVMIDHRGAVNTLLDMNERFNVGPRDRVLALSSLSFDLSVYDLFGVLAAGGAIVMPEPGTSRDPGRWQVLLEKTGVTIWNSVPALMDMLVEFSEGSGLRLPDSLRLVLMSGDWIPVTLPGRIRALSKNAELVSLGGATEASIWSILKGVMLSHAAVSNTLLDINQRYGVDANDRVLGLAELSFDLSVYDFFGATAAGAQVVLPDPARGSDPSHWAELLERHAITLWNSVPAQGQMLIDYLESEPQRHLPGPRCVLWSGDWIPVSLPTRWWRRWPDSALFSLGGATEAAIWSIEKGVEVSHAAAINTIDALLDLLRVDAADRLLAVSALDFDLSVFDLFGGLGAGASLVLPAQEQARDAAAWAEAIQRHAVSLWNSAPALLEMALSLPASQADYRSLRAVLLSGDWVALDLPGRLRPRCAEGCRLHVLGGATEAGIWSNLKLIPRRHREYLYNVRASAEVCGFDEHTVYLTGLPmAHNFTLCCPGVIGTLLAGGRVVVSQRADPEHCFALIARERVTHTALVPPLAMLWLDAQESRRADLSSLRLLQVGGSRLGSSAAQRVEPVLGCQLQQVLGMAEGLICYTRKGAMIRHEAISERLLWQIHEILGFGHDDASLFKAPLSFDISINEIFLPLVSGGRLVVLRPGGERDPHHLLSVIDEQRVTFTYLVSSMLDVLLEMAGDSGRLDSLRHVWCGGEVLTPELYERFRTRLDIPLYHGYGPAETTIGVSHKGVVVPHSSVVTLLANTRPVMNFGPDDVWVQFHSFSFDFAVWELWGALTHGGELLVPDYGLTRSPVDFHRLVRERGVTVLNQTPSAFHRFAEADRHAGEPLPALRRIIFGGEGLDLARLRDWVARHGTESPELVNMYGITETTVHVTHKGVVTEYAGLTNMLVNHRRRIFEPVLARHGHRTFRVAHTVSFAFDMSWEELLWLADGHEVHVCDEELRRDAPRLVAYCLEHGIDVVNVTPTYAQQLLAEGLLDDPARRPALVLLGGEAVTPALWTRLAATEGTVGYNLYGPTEYTINTLGKGVAVTHKNLTHLIAVLEERLPKPGVWPLCHSLAFDASVWEISNALLRGGRLVVVPEAVAGSPEDFHDLLVAEQVTFLTQTPSAVAMLSPDGLESMTLAVVGEACPPALVDRWATNRTMINAYGPTETTICVTSKGVAVTHRNVAQLLDTLGAQLELGQTWTQCHSLAFDYSVWEIWGPLLNGGRLLMVPDAVVRSPEDLHAMLVAEQVSMLSQTPSAFYALQTADALYPERGEQLKLQTVVFGGEALEPHRLSGWMHAHPGMPRMINMYGITETTVHASFKAVAVTHHNVTQLVSALHADLPSGPGQVWSQWHSLVFDVSVWEIWGALLHGGRLVVVPESVGSSPDDLHNLLITEKVSVLCQTPSAAGMLSPEGLESTTLIVAGEACPTELVDRWAPGRVMINAYGPTEATIYAAMKGVAITHGNVTQVLDTLPAELPAGPGAVWSQWHSLVFDVSVWEIWGALLHGGRLVIVPESIAGSPDDLHALLVSEGVNVLYQTPSAVRMMSPEGLEGTALVVAGEACPTEVVDRWAVDRVMINAYGPTESTIYAAIKGVMNIHQGICNTLKYNIDNYNLNSEDRILQITPFSFDVSVWEVFSSLTSGATLVVTKPDGYKDIDYLIDLIVQEQVTCFTCVPSILRVFLQHPKSKDCHCLKRVIVGGEALSYELNQRFFQQLNCELYNAYGPTEVAVDATVKGVLISHRGLMNLICWHQDAFEITPLDKITQLARIAFDAAVWELWPCLTAGASLVLVKPEIMQSPPDLRDWLIAQEITVSFLPTPLVEKILSLEWDENIALRIILTGGDKLHHYPSGLMPFKLINNYGPTENSVVTTSKGVMNNHKGIRNRLLWMQDTYQLTKSDCILQKTPFSFDVSVWEFFWPLLAGATLVVAEPEGHKDSTYLIQLIQKQQITTLHFVPSMLRVFLQEPELKGCSSLKRVFCSGEALSLELTQRFFEHFDCELHNLYGPTEAAIDVTYKGVVIEHHSTTTLLNWSKEVFSSEELAGVLGSTSICFDLSVFELFLPLAVGGKIILAQNVLDLPSLSAAKEVTLINTVPTAIAQLLEIEAIPETVRTVNLAGEALSNQLVQKLYQQENIKNVYNLYGPSEDTTYSTFKGVMGRHISILNVIQSLRLTFDLDKHPEWRYIFTAAVTHDPSIRNIFLPLTIGASLYMYEIKYIGHLVSFLQENQINALHTTPSIYREILGLLEPGETISSLKYISVGGEKLDRETALALRKRFPAEIIsNVYGSTETCVGVSQKGVMNIHQGICNTLKYNIDNYNLNSEERILQITPFSFDVSVWEIFLSLTSGATLVVAKPDGYKDIDYLIDLIVQEQVTCFTCVPSILRVFLQHSKSKDCHCLKRVIVGGEALSYELNQRFFQQLNCELYNAYGPTEVAVETTIKGVLISHRGLMNLICWHQDAFEITPLDKITQLARSAFDAAVWELWPCLTAGASLVLVKPEIMQSPPDLRDWLIAQEITVSFLPTPLVEKILSLKWDENIALRIILTGGDKLHHYPSVSMPFKLINNYGPTENTVVTTSKGVMNNHKGIRNRLLWMQDTYQLTKSDGILQKTPFSFDVSVWEFFWPLLAGATLVVAKPEGHKDSTYLIQLIQKQQITTLHFVPSMLRVFLQEPELKECSSLKRVFCSGEALSLDLTQRFFEHFDCELHNLYGPTEAAIDVTYKGVVIEHHSTTTLLNWSKEVFSSEELAGVLGSTSICFDLSVFELFLPLAVGGKIILAQNVLDLPSLSAAKEVTLINTVPTAIAQLLEIEAIPETVQTVNFAGEALSNQLVQKLYQQENIKNVYNLYGPSEDTTYSTFKGVQIRYESLNEFTNWMVDLNKIGENQQWLNQAPFSFDLSVMAIYPCLATAGTLNLVDKTMINKPKLLNDMLEQSKINVWVSTPSFMEMCLMLPNLAETHYESLKEFFFCGEILPHKTAKMLLQRFPSAYIYNTYGPTEATVAVTSKGVVIEHHALATYLHRARNTYTAMTGVTVLHSPLAFDLTITALWTPLTAGGTVHLTSLEEAEVQPSLIKATPSHLPLLTNLAATASPSHTLILGGEALHTDQLTDWRTQHPGAQIINAYGPTESTVNITDKGVVVPRGALDNFLADMGRRFTPGSGDRLLAVTTVGFDIAGLEIFLPLLHGAVLVLADEETARDPHALLHRVSASGITMVQATPSLWQGVAAVAGDELAGVRVLVGGEALPSELARALTDRARSVTNLYGPTEATIWATAKGVLVEHQPVLNYLAVSAELYPGVAGNALLHSPLSFDLTVTGLFAPLLNGGCVHLADLEELHARALDGEVPDLpQTTFLKATPSHLPLITGLPGVCVPDGELVLGGESLTGRAVRTLLAAHPGARVLNEYGPTETIVGCTTKGVVISHRAIVNRLAWMQDTYGLEPSDRVLQKTPSGFDVSVWEFFWPLVQGATLVVARPGGHTDPAYLAGTVRREGVTTLHFVPSMLDVFLREPAAAALGGATPVRRVFCSGEALPAELRARFRAVSDVPLHNLYGPTEAAVDVTYKGVAVPHGNVVRLFSATAPWFGFDEHDVWTLFHSYAFDFSVWELWGPLLHGGRLVVVPHDVTRDPAAFLALLARERVTVLNQTPSAFHQLAAADRENPTELALRTVVFGGEALDLSRLADWYERHAEDAPALVNMYGITETTVHVSHKGVVVTHTGLPGLLDIFTRDCAAGPGSRILQHLSPSFDASFWELAMGLLTGATLVVAPPETTPGPELAELATRHAATHLSLTTSVLGLLPPDSLPDGLTLVVGAEAIPPELVERWSPGRTMLNSYGPTETTVCSTMKGVVIEHHALATYLHRARNTYTAMTGVTVLHSPLAFDLTITALWTPLTSGGTVHLTSLEESDTQPSLIKATPSHLPLLTTLPETASPSHTLILGGEALHTDHLVTWRTQHPGVQIINAYGPTESTVNITDKGVVIEHHALATYLHRARNTYTAMTGVTVLHSPLAFDLTITALWTPLTAGGTVHLTSLEEAEVQPSLIKATPSHLPLLTTLPETASPSHTLILGGEALHTDHLATWRTQHPGAQIINAYGPTESTVNITDKGVAVTHRGVVDLVRDHCWRPGVHERVLLHAPHAFDVSCYEMWVPLVSGGTVVVAPPGHLDPAAITDLITAHDITAIHLTAGFFRVVAEEAPECFAGVREVLTGGDVVSPAAVARVLAHHPRIVLRHLYGPTETTLCVTQKGVMIPHRGVVNFLLCMRRTLGLKRTDSLLAVTTYCFDIAALELLLPLCAGAQVIIASAETVRDAQALKRALRTHRPTLMQATPATWTLLFQSGWENAERVRILCGGEALPESLKAHFVRTASDVWNMFGPTETTIWSTMKAVLMPGVSAVNLLLWQERTMGREPASRTVQFVTATFDYSVQEIFSALLGGTLVIPPDEARFDPPGLARWMDEQAITRIYAPTAVLRALVEHVDPHSDQLSALRHLCQGGEALALDARLRELCRHRPHLRVHNHYGPAESQLITGY